"Date","Twitter","Facebook","Pinterest","YouTube","Instagram","Tumblr","reddit","LinkedIn","VKontakte","news.ycombinator.com","mixi","Other"
2019-12,35.28,24.68,25.22,7.42,5.58,0.9,0.49,0.24,0.06,0.04,0.09,0.01
2020-01,42.26,20.13,22.3,7.07,6.53,0.86,0.49,0.17,0.07,0.04,0.06,0.03
2020-02,42.77,22.25,17.92,9.59,5.61,0.84,0.56,0.3,0.07,0.01,0.06,0.02
2020-03,48.09,19.42,14.64,12.26,4.79,0.46,0.2,0.06,0.04,0.02,0.01,0.01
2020-04,46.13,18.65,17.51,11.13,5.37,0.67,0.35,0.1,0.05,0.02,0.01,0.01
2020-05,31.42,28.23,28.91,6.04,3.44,1.11,0.57,0.15,0.07,0.04,0.01,0.02
2020-06,32.03,31.18,26.16,6.05,2.64,1.05,0.55,0.19,0.07,0.06,0.01,0.01
2020-07,33.62,26.78,27.83,7.02,2.34,1.3,0.69,0.25,0.08,0.08,0.01,0.01
2020-08,34.55,26.31,26.29,7.43,3.04,1.33,0.55,0.33,0.09,0.05,0.01,0.03
2020-09,32.07,25.19,29.01,7.83,3.84,1.12,0.49,0.29,0.05,0.08,0.01,0.02
2020-10,39.1,21.14,27.16,7.91,2.81,1.02,0.5,0.24,0.04,0.05,0.02,0.02
2020-11,52.25,17.47,19.68,6.35,2.66,0.83,0.44,0.21,0.03,0.04,0.03,0.02
2020-12,47.88,18.03,21.57,6.99,3.37,1.03,0.54,0.41,0.04,0.08,0.02,0.03
