"Date","Facebook","Pinterest","YouTube","Instagram","Twitter","Tumblr","reddit","LinkedIn","Other"
2019-12,61.83,16.89,6.03,10.43,4.68,0.06,0.04,0.04,0
2020-01,62.36,17.09,5.87,9.91,4.62,0.08,0.02,0.03,0.01
2020-02,66.33,14.09,5.34,9.71,4.37,0.04,0.04,0.06,0.03
2020-03,71.6,10.92,4.91,7.63,4.83,0.08,0.02,0.01,0.01
2020-04,65.64,13.52,6.94,6.7,6.98,0.15,0.03,0.01,0.04
2020-05,73.6,16.31,7.76,0.21,1.93,0.15,0.03,0.01,0.01
2020-06,83.92,8.41,4.53,0.12,2.91,0.07,0.02,0.01,0
2020-07,82.49,9.81,5.77,0.16,1.65,0.08,0.03,0.01,0.01
2020-08,84.01,9.09,5.13,0.19,1.45,0.07,0.03,0.02,0
2020-09,79.16,12.95,5.66,0.31,1.78,0.08,0.05,0.01,0.01
2020-10,81.16,11.5,5.13,0.32,1.76,0.05,0.06,0.03,0
2020-11,73.51,16.21,6.24,0.65,3.21,0.07,0.06,0.04,0.01
2020-12,75.66,15.53,5.77,0.36,2.44,0.1,0.02,0.04,0.07
