"Date","Facebook","YouTube","Twitter","Pinterest","Instagram","LinkedIn","reddit","VKontakte","Tumblr","Other"
2019-12,51.9,32.73,8.79,2.31,3.61,0.07,0.06,0.47,0.07,0
2020-01,44.89,35.28,11.66,3.32,4.41,0.05,0.06,0.27,0.07,0
2020-02,50.6,31.47,8.98,3.05,5.66,0.05,0.06,0.08,0.05,0
2020-03,53.17,29.2,8.82,2.8,5.82,0.02,0.02,0.12,0.04,0
2020-04,41.71,38.73,11.52,3.01,4.78,0.02,0.11,0.06,0.06,0
2020-05,42.85,34.09,20.82,1.47,0.48,0.13,0.05,0.03,0.08,0
2020-06,66.29,23.28,7.25,2.22,0.43,0.35,0.08,0.04,0.05,0.01
2020-07,84.03,10.09,4.27,1,0.24,0.22,0.08,0.03,0.02,0.01
2020-08,91.07,6.06,2.07,0.53,0.15,0.07,0.03,0.01,0.01,0
2020-09,89.07,7.12,2.28,1.11,0.16,0.2,0.04,0.01,0.01,0
2020-10,79.73,12.29,5.42,1.66,0.34,0.42,0.1,0.01,0.04,0
2020-11,79.21,11.02,7.69,1.21,0.24,0.4,0.14,0.05,0.04,0
2020-12,71.32,18.06,7.99,1.42,0.32,0.62,0.21,0.02,0.05,0
