"Date","Facebook","Pinterest","Twitter","Instagram","YouTube","Tumblr","reddit","LinkedIn","Fark","news.ycombinator.com","Other"
2019-12,53.16,15.88,18.1,9.67,2.29,0.4,0.32,0.12,0.03,0.03,0
2020-01,49.9,16.95,20.07,10.91,1.6,0.28,0.19,0.07,0.03,0.01,0
2020-02,49.71,16.3,20.67,10.91,1.82,0.23,0.19,0.09,0.07,0.01,0.01
2020-03,47,14.56,22.43,12.99,2.07,0.29,0.45,0.08,0.07,0.03,0.02
2020-04,40.78,18.94,22.07,14.98,2.47,0.36,0.24,0.11,0.04,0.01,0.01
2020-05,61.3,26.19,5.83,1.44,3.76,0.82,0.34,0.16,0.12,0.04,0.01
2020-06,61.87,28.42,5.27,0.55,2.21,1.27,0.21,0.12,0.09,0,0
2020-07,65.31,22.08,7.43,0.52,2.81,0.94,0.67,0.18,0.05,0.01,0.01
2020-08,66,22.04,7.29,0.64,2.31,1.2,0.29,0.19,0.05,0,0
2020-09,64.49,23.7,6.52,0.54,3.03,1.06,0.4,0.18,0.06,0.02,0
2020-10,65.57,22.03,8.54,0.46,2.2,0.46,0.33,0.23,0.15,0.03,0.02
2020-11,57.92,21.78,14.44,0.66,3.46,0.88,0.29,0.44,0.12,0.01,0
2020-12,56.94,28.72,10.26,0.75,1.97,0.48,0.36,0.39,0.08,0.03,0.01
