"Date","Facebook","Pinterest","Instagram","Twitter","YouTube","Tumblr","reddit","LinkedIn","VKontakte","Other"
2019-12,68.83,12.34,8.35,6.72,3.26,0.36,0.05,0.05,0.01,0.02
2020-01,64.41,13.41,10.41,7.85,3.5,0.27,0.12,0.01,0.02,0
2020-02,59.64,15.17,13.17,8.16,3.48,0.23,0.1,0.04,0,0
2020-03,57.38,13,14.88,9.53,5.03,0.1,0.07,0.01,0,0
2020-04,57.14,13.91,14,9.44,5.11,0.21,0.15,0,0.05,0
2020-05,70.78,19.98,0.9,1.81,5.66,0.37,0.44,0.03,0.01,0
2020-06,78.82,13.58,0.42,2.59,3.56,0.78,0.2,0.03,0,0.02
2020-07,74.07,15.29,0.52,4.21,5.15,0.4,0.24,0.11,0,0
2020-08,67.67,21.15,0.51,4.28,5.62,0.39,0.3,0.07,0.02,0
2020-09,68,19.3,0.99,4.57,6.32,0.55,0.16,0.09,0,0.02
2020-10,74.07,18.01,0.66,2.05,4.65,0.37,0.13,0.07,0,0
2020-11,64.86,22.25,1.13,4.45,6.49,0.41,0.23,0.16,0.01,0.01
2020-12,60.54,30.02,0.93,2.99,4.54,0.29,0.51,0.18,0,0
