"Date","Facebook","Pinterest","Instagram","Twitter","YouTube","reddit","Tumblr","LinkedIn","VKontakte","Other"
2019-12,87.44,4.29,4.23,2.31,1.28,0.14,0.2,0.04,0.06,0.01
2020-01,87.02,4.36,4.41,2.43,1.21,0.19,0.16,0.08,0.07,0.05
2020-02,87.06,4.33,4.59,2.33,1.17,0.17,0.16,0.07,0.11,0.01
2020-03,92.11,2.17,2.97,1.73,0.81,0.08,0.07,0.04,0.02,0.01
2020-04,91.47,2.48,2.85,1.86,1.06,0.11,0.09,0.03,0.03,0.01
2020-05,95.24,2.71,0.55,0.32,0.88,0.12,0.11,0.04,0.02,0.01
2020-06,94.84,2.53,0.59,0.71,1.02,0.13,0.13,0.03,0.01,0.01
2020-07,95.84,2.02,0.67,0.4,0.8,0.12,0.09,0.03,0.01,0.01
2020-08,94.88,2.56,0.91,0.45,0.94,0.1,0.11,0.04,0.02,0.01
2020-09,94.67,2.41,0.83,0.43,1.36,0.11,0.12,0.03,0.02,0.01
2020-10,94.99,2.41,0.83,0.46,1.05,0.1,0.09,0.04,0.03,0.01
2020-11,94.68,2.99,0.45,0.54,1.07,0.11,0.1,0.02,0.03,0.01
2020-12,94.38,3.3,0.44,0.52,1.12,0.12,0.08,0.03,0.01,0.01
