"Date","Facebook","Twitter","Pinterest","YouTube","Instagram","LinkedIn","Tumblr","reddit","VKontakte","news.ycombinator.com","Other"
2019-12,65.65,18.91,9.94,2.86,2.03,0.21,0.26,0.06,0.08,0.01,0
2020-01,63.06,21.92,9.25,2.58,2.62,0.11,0.31,0.07,0.06,0.01,0.01
2020-02,63.56,22.61,6.74,3.67,2.72,0.17,0.43,0.07,0.02,0.01,0
2020-03,63.03,22,7.8,4.1,2.45,0.24,0.23,0.08,0.05,0.01,0
2020-04,55.81,21.99,13.06,4.87,3.25,0.35,0.33,0.17,0.17,0.01,0
2020-05,72.9,7.39,13.68,3.75,1.1,0.37,0.37,0.34,0.06,0.01,0.02
2020-06,79.4,5.77,9.93,3.02,0.83,0.29,0.49,0.19,0.05,0.02,0
2020-07,76.24,6.88,11,3.66,0.91,0.61,0.33,0.29,0.03,0.02,0.02
2020-08,71.27,7.87,14.49,4.27,0.82,0.53,0.34,0.3,0.1,0,0
2020-09,68.87,7.86,16.65,4.12,1,0.71,0.37,0.39,0.02,0.01,0
2020-10,61.06,11.23,21.34,4.86,0.52,0.31,0.35,0.23,0.06,0.02,0.02
2020-11,59.07,11.49,25.12,2.8,0.55,0.49,0.19,0.25,0.01,0.02,0.01
2020-12,69.39,11.44,12.28,4.11,0.77,0.83,0.65,0.46,0,0.02,0.05
