"Date","Facebook","Pinterest","Twitter","Instagram","YouTube","Tumblr","reddit","LinkedIn","VKontakte","Other"
2019-12,79.51,9.44,4.18,4.63,2.04,0.1,0.05,0.04,0.01,0.01
2020-01,73.89,10.71,6.53,6.46,2,0.13,0.14,0.06,0.06,0.01
2020-02,75.32,10.48,5.89,6.76,1.28,0.06,0.12,0.02,0.04,0.01
2020-03,78.98,7.28,6.09,5.65,1.83,0.08,0.03,0.05,0.01,0
2020-04,70.18,11.05,7.13,8.01,3.17,0.17,0.15,0.08,0.07,0.01
2020-05,81.12,12.29,3.32,0.47,2.17,0.17,0.17,0.06,0.21,0.02
2020-06,85.68,7.81,3.8,0.48,1.8,0.16,0.15,0.09,0.02,0
2020-07,87.05,8.53,1.72,0.78,1.65,0.13,0.08,0.04,0.01,0.01
2020-08,86.82,8.77,1.89,0.63,1.56,0.19,0.06,0.02,0.05,0.02
2020-09,83.79,10.03,2.75,0.75,2.08,0.36,0.14,0.08,0,0.01
2020-10,76.64,15.5,4.42,0.78,2.22,0.21,0.15,0.06,0.01,0.02
2020-11,73.4,12.88,7.66,2.53,3.07,0.12,0.14,0.15,0.04,0.02
2020-12,68.09,21.11,5.53,2.16,2.61,0.27,0.13,0.08,0,0.02
