"Date","Facebook","Pinterest","Twitter","Instagram","YouTube","Tumblr","reddit","LinkedIn","VKontakte","news.ycombinator.com","Vimeo","Other"
2019-12,45.73,22.78,13.41,9.72,5.56,1.43,0.68,0.41,0.22,0.05,0,0.03
2020-01,38.72,25.62,15.93,11.96,4.88,1.29,0.79,0.44,0.21,0.05,0.04,0.06
2020-02,35.41,28.32,14.65,13.72,5.17,1.29,0.72,0.39,0.29,0.03,0,0.01
2020-03,40.34,21.69,17.21,13.41,5.68,0.78,0.5,0.18,0.16,0.03,0.01,0.01
2020-04,40.09,21.4,18.19,11.24,6.71,0.93,1.06,0.12,0.18,0.04,0.02,0
2020-05,47.9,37.11,4.46,1.21,5.49,1.46,1.91,0.18,0.2,0.06,0.01,0.01
2020-06,49.83,33.41,5.86,1.21,5.43,1.57,2.18,0.2,0.24,0.07,0,0.01
2020-07,51.44,28.98,8.44,1.21,5.66,1.42,2.29,0.26,0.19,0.11,0,0
2020-08,49.33,33.27,6.87,1.18,5.7,1.58,1.21,0.29,0.49,0.06,0,0.01
2020-09,48.68,33.83,6.68,1.78,5.47,1.63,1.38,0.26,0.17,0.1,0,0.01
2020-10,47.06,37.31,5.93,1.45,5.27,1.23,1.25,0.22,0.19,0.09,0,0.01
2020-11,49.44,34.72,6.92,1.58,4.64,1.1,1.12,0.2,0.13,0.08,0,0.07
2020-12,43.95,39.59,6.86,1.97,4.65,1.13,1.26,0.23,0.13,0.13,0.01,0.11
