"Date","Facebook","Pinterest","Twitter","YouTube","Instagram","reddit","LinkedIn","VKontakte","Tumblr","Vimeo","Other"
2019-12,62.52,17.46,8.28,6.73,4.74,0.12,0.1,0,0.02,0,0.02
2020-01,64.22,16.4,9.17,5.51,4.53,0.01,0.09,0.01,0.03,0.01,0
2020-02,67,13.86,8.5,5.37,4.99,0.09,0.07,0.04,0.01,0.06,0
2020-03,68.76,12.77,7.35,5.97,4.91,0.14,0,0.05,0,0.05,0
2020-04,63.13,11.87,11.34,6.58,6.77,0.14,0.05,0.07,0.02,0.02,0.02
2020-05,69.76,14.4,6.81,7.97,0.51,0.3,0.15,0,0.08,0,0.02
2020-06,73.44,12.65,5.07,7.71,0.31,0.46,0.1,0,0.25,0.01,0
2020-07,74.59,15.68,4.46,4.6,0.38,0.08,0.1,0,0.07,0.03,0
2020-08,76.75,10.87,4.51,6.02,0.49,0.18,0.16,0.95,0.05,0.03,0
2020-09,70.55,14.42,7.3,7.07,0.46,0.08,0.1,0,0.02,0,0
2020-10,79.33,9.69,4.72,5.53,0.51,0.04,0.15,0,0.02,0.01,0
2020-11,79.38,7.93,7.49,4.43,0.5,0.03,0.21,0,0.02,0,0.01
2020-12,73.24,10.4,8.73,6.55,0.73,0.05,0.27,0,0,0.02,0.02
