"Date","Facebook","Pinterest","Instagram","Twitter","YouTube","Tumblr","reddit","LinkedIn","Other"
2019-12,81.22,6.61,6,3.56,2.57,0.01,0.01,0,0
2020-01,85.96,5.15,4.48,2.86,1.54,0.01,0.01,0,0
2020-02,86.08,4.96,4.48,2.87,1.58,0.01,0.01,0.01,0
2020-03,87.39,3.88,4.09,2.97,1.65,0.02,0,0,0
2020-04,84.22,4.54,5.64,3.26,2.29,0.03,0.02,0.01,0.01
2020-05,91.21,3.97,0.98,1.88,1.91,0.03,0.02,0.01,0
2020-06,92.21,3.27,1.93,1.09,1.45,0.02,0.01,0.01,0.01
2020-07,88.75,4.99,1.98,1.93,2.29,0.03,0.01,0.02,0.01
2020-08,85.89,7.33,0.31,3.17,3.13,0.1,0.02,0.03,0.01
2020-09,81.62,10.16,0.3,3.68,4.06,0.11,0.04,0.02,0.01
2020-10,90.94,5.31,0.14,1.74,1.79,0.04,0.02,0.01,0.01
2020-11,85.07,7.52,0.27,4.08,2.93,0.06,0.02,0.04,0.02
2020-12,85.08,9.04,0.87,2.91,2.05,0.01,0.01,0.02,0.01
