"Date","Facebook","YouTube","Pinterest","Twitter","VKontakte","Instagram","reddit","Tumblr","LinkedIn","Other"
2019-12,82.21,4.76,5.52,5.07,0.05,2.12,0.06,0.12,0.09,0.01
2020-01,80.67,4.06,6.56,5.55,0.06,2.78,0.09,0.12,0.1,0.01
2020-02,75.77,4.9,8.74,5.88,0.08,4.25,0.1,0.19,0.09,0
2020-03,73.67,4.52,5.55,12.37,0.05,3.69,0.05,0.05,0.05,0
2020-04,74.53,9.17,3.97,9.51,0.04,2.62,0.06,0.04,0.05,0
2020-05,71.53,15.07,5.24,6.88,0.05,0.92,0.1,0.1,0.11,0.01
2020-06,75.54,9.47,6.67,6.82,0.04,1.01,0.16,0.18,0.1,0
2020-07,80.16,9.47,7.59,1.61,0.02,0.71,0.17,0.15,0.11,0.01
2020-08,56.85,7.26,7.9,2.06,24.91,0.57,0.13,0.19,0.13,0
2020-09,68.28,12.59,9.42,3.01,5.5,0.73,0.14,0.16,0.16,0.01
2020-10,69.19,15.39,10.83,3.65,0.01,0.54,0.15,0.1,0.12,0.01
2020-11,61.29,16.93,13.75,6.57,0.03,0.73,0.31,0.13,0.25,0.01
2020-12,65.85,14.1,13.56,5.05,0.02,0.84,0.26,0.1,0.21,0.02
