"Date","Facebook","YouTube","Twitter","Pinterest","Instagram","LinkedIn","Tumblr","VKontakte","reddit","Other"
2019-12,44.71,33.02,9.05,8.35,4.14,0.31,0.18,0.08,0.16,0
2020-01,63.69,20.88,5.27,6.74,2.95,0.1,0.15,0.02,0.18,0.01
2020-02,49.12,27.65,7.86,9.35,5.07,0.42,0.28,0.01,0.23,0
2020-03,84.52,8.39,2.99,2.07,1.93,0.02,0.05,0.01,0.01,0.01
2020-04,76.7,14.44,4.24,2.48,2.03,0.03,0.03,0.01,0.02,0.02
2020-05,76.82,17.82,3.39,1.75,0.15,0.04,0.01,0.01,0.01,0.01
2020-06,81,13.42,3.18,2.24,0.07,0.01,0.03,0.02,0.02,0
2020-07,87.52,8.25,2.43,1.69,0.08,0.02,0,0.01,0.01,0
2020-08,92.87,4.21,1.71,1,0.04,0,0.02,0.14,0.01,0
2020-09,91.11,4.82,1.93,2.04,0.05,0.02,0.01,0,0.01,0
2020-10,90.56,5.55,1.96,1.75,0.11,0.01,0.02,0.02,0.01,0
2020-11,88.37,6.33,3.16,1.9,0.14,0.04,0.01,0.02,0.03,0
2020-12,84.57,8.86,2.89,3.53,0.11,0.03,0,0.01,0,0.01
