"Date","Facebook","Pinterest","Twitter","Instagram","YouTube","Tumblr","LinkedIn","reddit","news.ycombinator.com","VKontakte","Other"
2019-12,56.82,18.84,12.18,8.39,2.32,0.55,0.39,0.35,0.09,0.07,0.01
2020-01,54.22,18.76,13.66,9.69,2.28,0.53,0.31,0.38,0.09,0.05,0.02
2020-02,56.06,18.91,11.98,9.84,2.04,0.51,0.31,0.23,0.05,0.06,0.01
2020-03,59.53,15.74,12.34,9.38,1.98,0.41,0.33,0.21,0.04,0.04,0.01
2020-04,53.66,18.5,13.53,9.58,2.71,0.98,0.5,0.42,0.07,0.06,0.01
2020-05,63.32,24.32,5.29,0.98,3.27,1.47,0.57,0.6,0.11,0.05,0.02
2020-06,64.36,22.85,7.27,0.86,2.62,0.78,0.59,0.55,0.07,0.05,0.01
2020-07,64.42,21.51,8.45,0.92,2.59,0.74,0.58,0.57,0.15,0.04,0.01
2020-08,69.07,17.67,7.94,0.96,2.39,0.81,0.54,0.47,0.08,0.07,0
2020-09,69.39,16.83,8.22,1.11,2.38,0.93,0.48,0.43,0.15,0.07,0.01
2020-10,66.92,18.87,8.91,1.11,2.33,0.69,0.55,0.43,0.12,0.07,0.01
2020-11,63.09,19.7,11.52,1.4,2.3,0.58,0.66,0.49,0.12,0.12,0.01
2020-12,59.39,24.63,10,1.65,2.34,0.54,0.6,0.48,0.22,0.13,0.03
