"Date","Facebook","Twitter","YouTube","Pinterest","Instagram","Tumblr","reddit","LinkedIn","VKontakte","Other"
2019-12,16.15,48.43,11.96,9.46,13.53,0.25,0.13,0.07,0.01,0
2020-01,15.26,48.53,11.82,10.26,13.74,0.22,0.09,0.06,0.01,0
2020-02,19.92,36.26,12.6,12.61,18.07,0.24,0.11,0.07,0.1,0
2020-03,25.5,34.66,11.94,8.98,18.34,0.18,0.06,0.1,0.24,0
2020-04,32.49,23.71,16.14,10.24,16.88,0.35,0.15,0.03,0.01,0
2020-05,72.2,6.23,12.51,7.98,0.76,0.18,0.1,0.02,0.01,0
2020-06,63.07,9.18,16.78,9.86,0.78,0.21,0.09,0.02,0,0
2020-07,58.98,7.7,20.65,11.07,1.18,0.26,0.11,0.02,0.01,0.01
2020-08,68.61,5.68,12.89,11.29,1.2,0.19,0.1,0.04,0,0
2020-09,40.94,9.21,24.67,21.7,2.87,0.36,0.17,0.06,0.01,0.01
2020-10,36.86,11.89,27.16,20.79,2.78,0.28,0.19,0.04,0.01,0
2020-11,33.1,25.78,23.49,14.02,3.04,0.29,0.2,0.06,0.01,0.01
2020-12,32.07,32.81,17.7,15.41,1.57,0.22,0.15,0.05,0.02,0.01
