"Date","Facebook","Pinterest","Twitter","YouTube","Instagram","LinkedIn","Tumblr","reddit","VKontakte","Vimeo"
2019-12,68.23,14.06,8.78,2.5,5.86,0.24,0.18,0.08,0.07,0
2020-01,64.12,16.26,9.24,3.01,6.39,0.74,0.11,0.02,0.11,0
2020-02,64.93,12.96,12.84,2.72,5.81,0.22,0.12,0.14,0.26,0
2020-03,70.19,12.56,8.49,3.17,5.01,0.43,0.08,0.02,0.04,0
2020-04,64.25,14.04,10.21,4.64,4.89,1.42,0.36,0.18,0.01,0
2020-05,71.49,15.97,5.81,4.23,0.2,1.64,0.37,0.25,0.02,0
2020-06,76.44,11.7,4.8,2.53,0.59,3.52,0.2,0.17,0.01,0.05
2020-07,76.21,12.88,4.34,2.95,0.65,2.65,0.17,0.14,0,0.02
2020-08,71.65,15.16,5.85,3.52,0.64,2.32,0.32,0.21,0.33,0
2020-09,74.32,14.24,5.99,2.59,1.34,1.04,0.21,0.15,0.01,0.11
2020-10,74.63,12.88,5.69,3.49,1.04,1.69,0.34,0.2,0.03,0
2020-11,67.03,15.84,10.69,3.24,0.58,2.17,0.21,0.19,0.03,0.03
2020-12,64.03,20.59,7.65,4.51,0.7,2.13,0.28,0.02,0,0.1
