"Date","Facebook","YouTube","Pinterest","Instagram","Twitter","Tumblr","reddit","LinkedIn","VKontakte","Other"
2019-12,48.5,8.08,17.54,13.82,11.08,0.5,0.26,0.21,0.02,0
2020-01,40.76,9.07,20.13,16.97,12.07,0.54,0.26,0.17,0.02,0.01
2020-02,44.47,7.15,17.05,18.22,12.18,0.44,0.25,0.21,0.03,0
2020-03,52.61,8.82,11.43,14.11,12.71,0.21,0.08,0.01,0.01,0
2020-04,48.45,13.94,12.15,11.34,13.68,0.27,0.1,0.02,0.05,0.01
2020-05,50.22,32.14,14.62,0.54,2.02,0.32,0.08,0.03,0.03,0.01
2020-06,47.13,33.77,14.17,0.4,4.16,0.23,0.09,0.02,0,0.01
2020-07,47.75,34.98,14.57,0.53,1.85,0.19,0.09,0.03,0,0.01
2020-08,73.26,10.14,13.71,0.81,1.81,0.14,0.09,0.02,0.01,0
2020-09,63.48,13.67,19.17,1.34,1.9,0.29,0.1,0.03,0,0.01
2020-10,57.28,21.52,17.47,0.74,2.61,0.17,0.13,0.07,0.02,0
2020-11,56.98,21.96,15.48,1.46,3.67,0.23,0.16,0.04,0.01,0.01
2020-12,58.96,18.53,17.32,0.97,3.72,0.24,0.15,0.1,0,0.01
