"Date","Facebook","Pinterest","Twitter","Instagram","YouTube","LinkedIn","Tumblr","reddit","VKontakte","Other"
2019-12,83.72,6.49,3.84,4.04,1.02,0.48,0.18,0.09,0.13,0.01
2020-01,87.16,5.17,3.06,3.25,0.63,0.42,0.13,0.07,0.09,0.01
2020-02,83.05,6.88,3.67,4.71,0.78,0.53,0.14,0.07,0.16,0.01
2020-03,88.31,3.83,2.84,3.54,0.74,0.55,0.05,0.06,0.08,0
2020-04,82.33,6.72,3.9,5.06,1.16,0.5,0.09,0.12,0.12,0.01
2020-05,90.12,5.67,1.31,1.08,0.97,0.44,0.16,0.15,0.08,0.01
2020-06,91.41,4.93,1.39,0.63,0.63,0.76,0.12,0.09,0.04,0
2020-07,90.71,5.05,1.71,0.83,0.76,0.64,0.13,0.09,0.05,0.01
2020-08,89.86,4.94,2.33,0.74,1.12,0.67,0.16,0.12,0.05,0.01
2020-09,89.53,5.37,2.43,0.77,0.83,0.73,0.17,0.12,0.04,0.01
2020-10,90.42,4.8,2.47,0.66,0.83,0.54,0.12,0.08,0.06,0.01
2020-11,80.56,9.49,5.27,1.29,1.91,0.86,0.26,0.25,0.09,0.02
2020-12,82.37,8.5,4.31,1.5,1.66,1.26,0.14,0.19,0.05,0.03
