"Date","Facebook","Pinterest","Instagram","Twitter","YouTube","Tumblr","reddit","LinkedIn","VKontakte","Other"
2019-12,44.68,19.79,25.42,6.78,3.01,0.24,0.02,0.02,0.02,0.01
2020-01,43.31,21.61,24.03,7.89,2.72,0.33,0.06,0.05,0.01,0
2020-02,53.94,18.21,18.71,6.75,1.98,0.28,0.07,0.04,0.01,0
2020-03,63.83,12.52,14.32,6.98,2.05,0.24,0.03,0.02,0,0
2020-04,51.79,21.26,14.66,8.41,3.4,0.32,0.1,0.03,0.03,0
2020-05,69.88,23.93,0.49,1.65,3.32,0.52,0.13,0.04,0.05,0
2020-06,73.67,21.04,0.36,1.37,2.76,0.59,0.1,0.07,0.03,0
2020-07,73.84,20.09,0.38,1.58,3.21,0.65,0.09,0.13,0.03,0.01
2020-08,69.75,22.54,0.47,2.16,4.22,0.58,0.13,0.11,0.02,0.01
2020-09,74.63,19.84,0.45,1.91,2.62,0.4,0.1,0.05,0.01,0
2020-10,88.26,8.3,0.19,1.68,1.35,0.12,0.05,0.02,0.02,0
2020-11,74.54,19.38,0.42,2.19,2.82,0.24,0.1,0.16,0.14,0.01
2020-12,68.92,24.33,0.44,2.78,2.64,0.36,0.17,0.16,0.18,0.02
