"Date","Facebook","Twitter","Pinterest","YouTube","Instagram","LinkedIn","reddit","Tumblr","Other"
2019-12,92.67,3.9,1.39,0.92,1.07,0.01,0.01,0.02,0.01
2020-01,93.34,3.36,1.35,1.01,0.89,0.01,0.02,0.01,0.01
2020-02,94.78,2.39,1.26,0.73,0.79,0.01,0.02,0.01,0.01
2020-03,95.3,2.77,0.75,0.55,0.58,0.03,0.01,0.01,0.01
2020-04,94.14,3.34,1.06,0.87,0.53,0.02,0.01,0.01,0.01
2020-05,93.24,4.23,1.12,0.83,0.53,0.01,0.02,0.02,0.01
2020-06,90.37,6.66,1.38,1.04,0.47,0.01,0.03,0.03,0
2020-07,91.67,5.37,1.31,1.11,0.47,0.02,0.02,0.02,0.01
2020-08,90.21,5.5,2.08,1.4,0.72,0.03,0.03,0.02,0.02
2020-09,93.63,3.84,1.27,0.81,0.4,0.02,0.01,0.01,0.01
2020-10,90.58,5.56,1.93,1.22,0.63,0.02,0.02,0.02,0.02
2020-11,91.19,6.15,1.28,0.84,0.48,0.02,0.02,0.01,0.02
2020-12,88.96,6.51,2.07,1.55,0.82,0.02,0.02,0.02,0.02
