"Date","Facebook","Pinterest","Twitter","Instagram","YouTube","Tumblr","LinkedIn","reddit","VKontakte","news.ycombinator.com","Other"
2019-12,57.45,18.05,12,7.77,3.01,0.85,0.28,0.35,0.15,0.05,0.02
2020-01,56.27,17.49,13.24,8.63,2.71,0.89,0.27,0.33,0.12,0.04,0.01
2020-02,59.47,15.28,11.8,8.56,2.46,0.94,0.67,0.71,0.09,0.02,0.01
2020-03,61.08,13.22,13.38,8.69,2.58,0.42,0.27,0.27,0.07,0.01,0.01
2020-04,58.01,15.99,13.13,7.75,3.72,0.62,0.37,0.31,0.08,0.02,0.01
2020-05,69.24,20.54,4.31,0.77,2.97,0.92,0.43,0.61,0.11,0.08,0.02
2020-06,66.17,22.66,5.99,0.59,2.58,0.78,0.56,0.56,0.06,0.04,0.02
2020-07,68.37,20.37,6.65,0.67,1.97,0.85,0.51,0.48,0.04,0.08,0
2020-08,72.7,15.87,6.81,0.85,2.04,0.69,0.55,0.36,0.07,0.04,0.01
2020-09,75.85,12.73,6.53,0.91,2.09,0.76,0.63,0.38,0.03,0.09,0
2020-10,73.12,15.41,7.26,0.83,1.87,0.6,0.42,0.39,0.04,0.06,0
2020-11,71.05,15.43,9.18,0.92,1.92,0.44,0.58,0.38,0.04,0.06,0
2020-12,65.64,21.79,8.21,1.12,1.92,0.39,0.44,0.36,0.05,0.09,0.01
