"Date","Facebook","Twitter","YouTube","Pinterest","Instagram","Tumblr","LinkedIn","VKontakte","reddit","Other"
2019-12,68.91,13.21,9.92,3.37,3.85,0.44,0.05,0.17,0.08,0
2020-01,67.5,17.16,5.84,3.08,5.34,0.65,0.1,0.14,0.12,0.07
2020-02,69.07,17.51,4.14,3.09,5.5,0.52,0.05,0.06,0.06,0.01
2020-03,66.78,18.2,5.11,3,6.17,0.52,0.04,0.13,0.05,0
2020-04,65.41,17.61,6.96,3.18,5.85,0.78,0.05,0.05,0.11,0
2020-05,79.53,6.52,8.29,3.36,1.59,0.41,0.05,0.1,0.14,0
2020-06,77.47,7.73,7.65,4.14,1.72,0.62,0.27,0.22,0.17,0
2020-07,75.97,8.88,6.6,5.04,1.81,0.61,0.66,0.23,0.19,0
2020-08,76.23,7.09,5.7,5.07,1.51,0.65,0.45,3.12,0.17,0
2020-09,82.79,5.7,4.61,3.86,1,0.35,1.08,0.46,0.15,0.01
2020-10,76.27,10.66,5.1,5.06,1.12,0.39,1.11,0.15,0.14,0.01
2020-11,86.02,6.65,3.11,1.9,0.96,0.3,0.82,0.11,0.13,0.01
2020-12,84.83,7.65,2.99,2.04,1.41,0.25,0.65,0.07,0.11,0
