"Date","Facebook","Twitter","Pinterest","Instagram","YouTube","Tumblr","LinkedIn","reddit","VKontakte","news.ycombinator.com","Other"
2019-12,43.46,21.88,20.42,9.41,4.36,0.2,0.14,0.09,0.02,0.02,0
2020-01,37.84,24.85,23.74,9.35,3.65,0.2,0.17,0.14,0.02,0.02,0.02
2020-02,41.51,22.21,22.32,10.06,3.26,0.23,0.23,0.12,0.02,0.01,0.02
2020-03,35.86,26.08,21.84,12.07,3.7,0.13,0.19,0.08,0.03,0.01,0.01
2020-04,27.73,29.3,22.07,15.57,4.67,0.2,0.2,0.16,0.06,0.02,0.01
2020-05,37.12,23.77,29.41,2.06,6.47,0.38,0.33,0.38,0.03,0.02,0.01
2020-06,44.73,21.23,24.47,1.69,6.02,0.95,0.48,0.35,0.04,0.02,0.01
2020-07,50.15,18.95,22.85,1.8,5.34,0.35,0.32,0.18,0.04,0.02,0.01
2020-08,55.41,16.91,19.02,2.69,5.06,0.25,0.33,0.19,0.13,0.02,0.01
2020-09,39.38,26.18,24.29,2.52,6.47,0.38,0.36,0.26,0.12,0.04,0.01
2020-10,42.01,24.46,24.09,1.94,6.53,0.28,0.26,0.28,0.1,0.04,0.01
2020-11,38.17,31.6,19.94,2.65,6.13,0.21,0.33,0.81,0.11,0.02,0.02
2020-12,37.81,27.87,24.14,2.46,6.77,0.18,0.4,0.3,0.02,0.04,0.01
