"Date","Facebook","Pinterest","Twitter","Instagram","YouTube","Tumblr","reddit","LinkedIn","Other"
2019-12,87.27,5.47,3.73,2.87,0.43,0.13,0.06,0.04,0.01
2020-01,90.73,3.38,2.8,2.54,0.39,0.06,0.05,0.03,0.02
2020-02,88.16,4.26,3.51,3.33,0.53,0.09,0.06,0.07,0.01
2020-03,93.52,2.25,2.1,1.7,0.34,0.03,0.01,0.02,0.04
2020-04,92.96,2.68,2.06,1.82,0.38,0.04,0.02,0.03,0.01
2020-05,96.63,2.54,0.28,0.15,0.28,0.06,0.03,0.01,0.01
2020-06,97.21,2.11,0.28,0.07,0.23,0.06,0.02,0.02,0
2020-07,96.68,2.36,0.44,0.1,0.32,0.06,0.02,0.02,0
2020-08,96.31,2.62,0.6,0.12,0.23,0.09,0.02,0.02,0
2020-09,96.17,2.62,0.59,0.14,0.27,0.13,0.04,0.04,0
2020-10,93.38,4.35,1.16,0.23,0.69,0.12,0.03,0.03,0
2020-11,87.96,7.89,2.71,0.62,0.53,0.13,0.06,0.08,0
2020-12,87.93,8.08,2.33,0.59,0.81,0.12,0.07,0.05,0
