"Date","Facebook","Twitter","YouTube","Pinterest","Instagram","Tumblr","reddit","LinkedIn","Other"
2019-12,78.84,10.79,1.89,4.21,4.16,0.06,0.02,0.01,0.01
2020-01,76.11,11.63,2.06,4.73,5.35,0.06,0.03,0.02,0.01
2020-02,79.78,9.75,1.85,3.73,4.8,0.05,0.02,0.02,0.01
2020-03,77.67,11.56,2.79,3.06,4.81,0.06,0.02,0.02,0.01
2020-04,76.85,12.47,3.4,3.04,4.07,0.08,0.05,0.02,0.01
2020-05,82.97,6.8,5.63,4.12,0.3,0.12,0.04,0.02,0.01
2020-06,80.14,7.67,7.62,4.16,0.23,0.11,0.04,0.02,0.01
2020-07,79.94,8.95,7.17,3.49,0.29,0.09,0.04,0.02,0.01
2020-08,87.6,6.01,2.41,3.46,0.37,0.09,0.03,0.02,0
2020-09,82.12,7.55,4.14,5.1,0.9,0.11,0.04,0.03,0.01
2020-10,82.72,7.32,5.18,4.27,0.35,0.08,0.06,0.02,0
2020-11,83.03,7.82,4.93,3.6,0.44,0.08,0.07,0.02,0.01
2020-12,82.24,8.79,4.16,4.21,0.44,0.07,0.06,0.02,0.01
