"Date","Facebook","Pinterest","Instagram","Twitter","YouTube","LinkedIn","VKontakte","Tumblr","reddit","Other"
2019-12,76.13,12.59,5.03,4.31,1.83,0.05,0.04,0.01,0.01,0.01
2020-01,75.95,13.44,5.22,3.74,1.55,0.06,0.01,0.02,0.01,0
2020-02,78.84,11.3,4.78,3.6,1.43,0.02,0,0.01,0.01,0
2020-03,73.5,11.58,7,5.69,2.13,0.05,0.02,0.02,0.01,0
2020-04,62.61,15.44,9.23,9.06,3.48,0.04,0.06,0.06,0.02,0
2020-05,82.57,9.72,2.01,2.74,2.76,0.05,0.05,0.04,0.05,0.01
2020-06,84.5,8.58,1.82,2.51,2.43,0.04,0.02,0.05,0.04,0
2020-07,85.77,7.75,2.03,1.85,2.49,0.07,0.02,0.01,0.01,0
2020-08,88.82,6.81,1.87,0.97,1.27,0.03,0.18,0.02,0.01,0
2020-09,87.99,7.91,0.89,1.52,1.59,0.05,0.01,0.03,0.01,0
2020-10,91.28,6.14,0.55,1.04,0.95,0.01,0.02,0.01,0.01,0
2020-11,89.38,6.22,1.2,2.11,1.03,0.04,0,0,0.01,0.01
2020-12,89.2,5.96,1.43,2.31,1.01,0.03,0,0.01,0.02,0
