"Date","Facebook","YouTube","Twitter","Pinterest","Instagram","LinkedIn","Tumblr","reddit","VKontakte","Other"
2019-12,61.52,27.7,2.53,4.37,3.55,0.06,0.09,0.06,0.11,0.01
2020-01,66.51,19.67,3.16,5.32,5.05,0.06,0.1,0.07,0.06,0
2020-02,70.05,16.11,2.66,5.17,5.6,0.08,0.13,0.1,0.09,0.01
2020-03,68.44,18.86,3.3,3.69,5.5,0.03,0.1,0.05,0.02,0.01
2020-04,70.01,19.27,3.6,3.26,3.63,0.03,0.09,0.07,0.03,0
2020-05,80.88,15.2,1.25,2.13,0.31,0.02,0.08,0.08,0.04,0
2020-06,83.59,12.45,1.08,2.36,0.31,0.04,0.08,0.05,0.04,0
2020-07,83.21,10.79,2.48,2.74,0.57,0.05,0.07,0.07,0.03,0
2020-08,92,4.68,1.76,1.26,0.17,0.04,0.03,0.06,0.02,0
2020-09,87.32,6.47,2.65,2.87,0.44,0.08,0.06,0.07,0.04,0
2020-10,85.11,5.99,5.22,2.91,0.51,0.09,0.05,0.07,0.05,0
2020-11,87.46,4.87,5.13,2.11,0.22,0.08,0.03,0.06,0.04,0
2020-12,87.75,4.79,4.93,2.06,0.25,0.15,0.02,0.04,0.01,0
