"Date","Facebook","Pinterest","Instagram","YouTube","Twitter","VKontakte","Tumblr","reddit","LinkedIn","news.ycombinator.com","Vimeo","Google+","Other"
2019-12,73.56,11.49,6.2,3.05,3.99,0.97,0.46,0.18,0.07,0.01,0,0.02,0
2020-01,43.52,21.79,14.89,5.38,11.19,1.68,0.8,0.49,0.23,0.02,0,0.01,0
2020-02,35.91,36.59,11.85,5.38,7.15,1.55,0.63,0.5,0.31,0.01,0,0.05,0.08
2020-03,40.36,23.66,14.09,8.56,10.14,1.64,0.71,0.53,0.25,0.01,0.05,0,0.01
2020-04,43.74,21.54,12.43,9.73,9.09,1.82,0.91,0.55,0.1,0.02,0.06,0,0
2020-05,50.78,28.49,3.81,9.09,3.18,2.26,1.39,0.81,0.13,0.03,0.02,0,0
2020-06,49.69,28.89,2.69,9.9,3.58,2.16,1.76,1.04,0.24,0.04,0,0.02,0
2020-07,49.99,26.12,3.29,10.05,4.58,2.96,1.52,1.11,0.29,0.06,0.01,0,0.01
2020-08,49.25,27.92,3.06,9.32,4.45,3.36,1.36,0.71,0.48,0.05,0.01,0.01,0.03
2020-09,52.38,25.75,5.01,7.83,3.15,3.12,1.3,0.86,0.55,0.05,0,0,0
2020-10,52.34,26.73,4.3,7.51,3.5,3.3,1.08,0.73,0.44,0.05,0,0,0.01
2020-11,65.67,16.34,4.99,5.81,3.03,2.17,0.91,0.59,0.38,0.04,0,0,0.07
2020-12,64.75,15.03,7.24,5.16,4.6,1.65,0.7,0.5,0.28,0.05,0.02,0,0.02
