"Date","Instagram","Pinterest","Facebook","Twitter","YouTube","LinkedIn","reddit","Tumblr","VKontakte","news.ycombinator.com","Other"
2019-12,41.97,43.41,7.84,3.31,1.77,0.74,0.22,0.58,0.13,0.02,0.02
2020-01,43.63,40.8,7.49,4.81,1.77,0.49,0.42,0.31,0.25,0.02,0.01
2020-02,47.85,36.02,7.17,4.49,2.23,0.69,0.64,0.57,0.27,0.01,0.07
2020-03,50.22,32.29,8.84,5.03,2.44,0.43,0.54,0.03,0.15,0,0.03
2020-04,47.14,34.45,7.51,5.52,4.16,0.3,0.61,0.15,0.13,0.01,0.02
2020-05,26.21,48.39,11.28,4.82,7.14,0.97,0.78,0.33,0.04,0.02,0.02
2020-06,25.78,52.5,11.54,4.42,3.8,1.01,0.63,0.22,0.08,0.03,0.01
2020-07,26.88,39.56,17.8,11.04,2.87,1.03,0.62,0.14,0.03,0.03,0.01
2020-08,26.24,37.98,27.21,2.84,3.2,1.92,0.36,0.2,0.01,0,0.01
2020-09,53.99,25.27,15.47,1.36,2.39,1.13,0.32,0.03,0,0.01,0
2020-10,45.31,33.62,14.71,2.2,2.58,1.12,0.35,0.05,0.04,0.01,0
2020-11,35.51,42.99,13.32,3.21,2.87,1.13,0.59,0.25,0.01,0.02,0.1
2020-12,38.44,43.52,11.17,2.9,2.57,0.71,0.53,0.13,0.01,0.01,0.02
