"Date","Facebook","Pinterest","Instagram","Twitter","YouTube","Tumblr","reddit","LinkedIn","VKontakte","Other"
2019-12,89.3,4.88,2.57,1.92,1.01,0.21,0.06,0.03,0.01,0.01
2020-01,91.08,3.77,2.66,1.62,0.58,0.17,0.06,0.03,0.01,0.01
2020-02,88.1,5.17,3.42,2.17,0.73,0.24,0.07,0.05,0.03,0
2020-03,90.65,3.43,2.93,2.12,0.64,0.13,0.05,0.03,0.01,0
2020-04,86.02,5.53,4.01,2.86,1.13,0.25,0.12,0.06,0.02,0.01
2020-05,90.48,5.96,0.89,1.05,1.12,0.28,0.14,0.05,0.03,0.01
2020-06,94.01,3.58,0.62,0.83,0.61,0.2,0.09,0.04,0.02,0
2020-07,94,3.06,1,1,0.62,0.18,0.09,0.04,0.01,0.01
2020-08,91.27,4.8,1.05,1.5,0.92,0.28,0.11,0.06,0.01,0.01
2020-09,92.17,4.14,1.06,1.47,0.76,0.23,0.1,0.05,0.01,0.01
2020-10,93.79,3.5,0.65,1.12,0.69,0.13,0.07,0.03,0.01,0.01
2020-11,82.84,9.84,2.14,2.72,1.75,0.34,0.25,0.09,0.02,0.02
2020-12,82.52,10.39,2.17,2.62,1.64,0.34,0.21,0.09,0.01,0.01
