"Date","Facebook","Instagram","YouTube","Twitter","Pinterest","Tumblr","reddit","LinkedIn","Other"
2019-12,59.89,16.46,4.67,12.18,6.49,0.09,0.12,0.07,0.01
2020-01,62.37,16.41,4,11.14,5.86,0.08,0.07,0.05,0.02
2020-02,66.93,16.23,2.94,9.27,4.4,0.08,0.07,0.07,0.02
2020-03,70.15,14.39,3.07,9.44,2.83,0.04,0.05,0.03,0
2020-04,61.72,17.38,5.28,12.15,3.3,0.07,0.09,0.02,0.01
2020-05,82.11,0.55,11.7,0.95,4.48,0.1,0.07,0.02,0.02
2020-06,77.45,0.46,15.25,1.84,4.77,0.1,0.07,0.05,0.01
2020-07,82.62,0.51,12.35,0.86,3.46,0.07,0.07,0.04,0.01
2020-08,89.41,0.67,4.84,0.94,3.92,0.08,0.05,0.09,0
2020-09,88.3,0.82,5.41,0.79,4.36,0.08,0.06,0.16,0.01
2020-10,88.54,0.52,6.32,0.81,3.65,0.05,0.05,0.04,0.02
2020-11,88.11,0.65,6.21,1.47,3.38,0.05,0.06,0.06,0
2020-12,90.74,0.45,4.46,1.22,2.98,0.06,0.05,0.06,0.01
