"Date","Facebook","Pinterest","Twitter","Instagram","YouTube","Tumblr","LinkedIn","VKontakte","reddit","news.ycombinator.com","Other"
2019-12,51.65,20.96,13.22,8.99,4.82,0.06,0.06,0.15,0.06,0.02,0
2020-01,43.48,23.69,16.45,11.88,4.06,0.09,0.06,0.19,0.09,0.01,0.01
2020-02,46.61,21.19,18.58,10.05,3.32,0.08,0.07,0.04,0.04,0.01,0.01
2020-03,50.75,20.32,14.51,10.08,4.09,0.03,0.11,0.08,0.03,0.01,0
2020-04,44.43,21.58,17.38,10.67,5.39,0.23,0.07,0.15,0.07,0.01,0.03
2020-05,53.44,27.29,11.88,0.92,5.87,0.25,0.15,0.06,0.1,0.01,0.02
2020-06,64.92,21.42,7.3,0.65,5.09,0.37,0.07,0.05,0.1,0,0.02
2020-07,59.47,23.65,9.34,0.86,6.18,0.17,0.11,0.04,0.13,0.02,0.03
2020-08,57.6,25.14,8.92,0.95,6.48,0.28,0.19,0.33,0.07,0.01,0.04
2020-09,57.55,24.43,9.43,0.86,6.62,0.4,0.34,0.18,0.16,0.03,0.02
2020-10,58.56,21.6,13.35,0.7,5.14,0.27,0.19,0.01,0.16,0.02,0
2020-11,58.29,22.39,12.26,0.87,5.67,0.17,0.15,0.05,0.13,0,0
2020-12,59.09,18.58,15.13,1.19,5.65,0.09,0.09,0.02,0.13,0.01,0.01
