"Date","Facebook","Pinterest","Twitter","Instagram","YouTube","Tumblr","reddit","LinkedIn","VKontakte","Other"
2019-12,89.23,4.86,2.92,1.87,0.72,0.31,0.05,0.02,0.02,0.01
2020-01,89.53,4.45,3.2,1.87,0.58,0.27,0.05,0.02,0.02,0.01
2020-02,88.24,5.11,3.2,2.32,0.71,0.31,0.06,0.03,0.02,0.01
2020-03,92.99,2.56,2.32,1.51,0.47,0.12,0.03,0.01,0.01,0
2020-04,88,4.77,3.4,2.6,0.86,0.25,0.08,0.02,0.01,0.01
2020-05,91.83,5.78,0.83,0.2,0.87,0.31,0.14,0.02,0.02,0.01
2020-06,90.59,6.03,1.62,0.23,0.93,0.36,0.18,0.02,0.02,0.01
2020-07,92.43,4.21,2.09,0.16,0.69,0.25,0.12,0.02,0.01,0.01
2020-08,90.77,5.09,2.65,0.23,0.79,0.3,0.11,0.05,0.01,0.01
2020-09,91.77,4.37,2.36,0.18,0.81,0.34,0.12,0.03,0.01,0.01
2020-10,88.07,6.94,3.09,0.29,1.05,0.36,0.15,0.03,0.01,0.01
2020-11,92.23,4.49,2.07,0.18,0.65,0.21,0.11,0.05,0,0.01
2020-12,89.72,6.67,2.33,0.2,0.68,0.24,0.11,0.04,0.01,0.01
