"Date","Facebook","Twitter","Pinterest","YouTube","Instagram","reddit","Tumblr","LinkedIn","VKontakte","news.ycombinator.com","Other"
2019-12,57.47,33.23,4.38,2.72,1.63,0.2,0.2,0.09,0.06,0.01,0.01
2020-01,43.86,45.5,4.45,3.01,2.37,0.36,0.25,0.11,0.06,0.01,0.01
2020-02,44.14,43.14,4.66,4.06,3.05,0.38,0.29,0.19,0.07,0,0.02
2020-03,46.3,41.59,5.4,3.53,2.67,0.22,0.17,0.05,0.05,0.01,0.01
2020-04,55.53,32.63,5.76,3.09,2.47,0.25,0.18,0.03,0.04,0.01,0.01
2020-05,81.75,5.05,7.57,3.39,1.6,0.28,0.26,0.05,0.04,0.01,0
2020-06,85.25,3.63,6.65,3.11,0.63,0.41,0.2,0.05,0.04,0.01,0.01
2020-07,86.99,3.48,5.19,2.61,1.15,0.32,0.16,0.05,0.03,0.01,0.01
2020-08,84.45,3.83,6.07,3.23,1.92,0.18,0.2,0.07,0.03,0.01,0.01
2020-09,83.82,3.39,6.82,3.22,2.23,0.18,0.19,0.09,0.03,0.02,0
2020-10,77.74,5.64,9.15,5.57,1.26,0.25,0.21,0.09,0.07,0.02,0.01
2020-11,79.59,6.79,7.74,3.6,1.51,0.31,0.26,0.13,0.03,0.02,0.01
2020-12,75.54,6.12,10.09,5.66,1.72,0.36,0.27,0.15,0.04,0.03,0.02
