"Date","Facebook","Twitter","YouTube","Pinterest","Instagram","reddit","LinkedIn","VKontakte","Tumblr","Other"
2019-12,73.95,7.59,8.26,5.25,4.59,0.08,0.07,0.08,0.13,0
2020-01,73.1,10.06,5.34,4.58,6.55,0.1,0.06,0.06,0.14,0
2020-02,74.24,9.82,3.96,4.97,6.69,0.07,0.06,0.04,0.14,0
2020-03,73.93,10.15,4.74,4.28,6.6,0.08,0.06,0.06,0.1,0
2020-04,69.07,11.17,6.84,5.05,7.48,0.12,0.08,0.04,0.15,0
2020-05,76.64,4.1,10.14,6.65,1.89,0.22,0.14,0.04,0.17,0
2020-06,77.51,5.2,7.54,6.99,2.14,0.15,0.17,0.05,0.23,0.01
2020-07,76.89,5.49,8.57,6.52,1.94,0.19,0.18,0.03,0.19,0
2020-08,75.26,4.8,8.4,6.64,2.16,0.19,0.15,2.19,0.22,0
2020-09,80.59,4.21,5.92,6.38,1.83,0.13,0.54,0.19,0.21,0
2020-10,72.84,6.84,8.24,8.76,2.05,0.18,0.9,0.01,0.18,0
2020-11,68.68,8.02,8.69,6.18,5.07,2.53,0.64,0.02,0.18,0
2020-12,73.56,6.68,6.57,9.89,2.63,0.17,0.3,0.01,0.17,0.01
