"Date","Facebook","Twitter","Pinterest","Instagram","YouTube","Tumblr","reddit","LinkedIn"
2019-12,0,100,0,0,0,0,0,0
2020-01,43.28,25.37,21.64,8.21,1.49,0,0,0
2020-02,48.36,29.11,8.45,13.62,0.47,0,0,0
2020-03,50.45,27.68,8.04,13.39,0,0,0,0.45
2020-04,54.34,21.13,12.83,8.3,1.13,1.13,1.13,0
2020-05,67.37,8.45,19.48,0.7,3.52,0,0.23,0.23
2020-06,67.66,19.14,9.9,0.33,1.98,0.33,0.33,0.33
2020-07,67.66,17.16,11.22,0,2.97,0,0.99,0
2020-08,68.57,10.36,18.57,0,1.43,1.07,0,0
2020-09,67.77,13.74,15.64,1.42,0.95,0.47,0,0
2020-10,63.45,24.87,10.66,0,1.02,0,0,0
2020-11,55.4,18.78,19.25,4.23,2.35,0,0,0
2020-12,55.95,21.43,19.64,1.79,0.6,0,0,0.6
