"Date","Facebook","Twitter","Pinterest","Instagram","YouTube","reddit","VKontakte","Tumblr","LinkedIn","news.ycombinator.com","Other"
2019-12,69.58,13.05,8.05,4.7,2.81,0.52,0.12,0.74,0.37,0.03,0.01
2020-01,60.1,20.22,9.28,5.69,2.82,0.57,0.15,0.79,0.33,0.04,0.01
2020-02,56.64,22.7,9.34,6.11,3.2,0.59,0.18,0.83,0.37,0.01,0.02
2020-03,62.56,19.54,7.59,5.45,3.29,0.46,0.09,0.61,0.38,0.02,0.02
2020-04,57.19,19.4,9.54,5.8,5.57,0.91,0.09,0.83,0.61,0.04,0.02
2020-05,76.44,5.29,8.66,2.26,4.95,1.01,0.07,0.78,0.51,0.03,0
2020-06,78.43,6.07,7.21,2.26,3.76,0.87,0.04,0.75,0.56,0.03,0.02
2020-07,75.59,7.49,7.76,2.83,3.72,1.24,0.04,0.67,0.6,0.04,0.01
2020-08,63.34,8.11,9.58,3.66,3.72,0.88,9.14,0.59,0.93,0.03,0.01
2020-09,63.13,9.82,12.15,5.27,5.15,1.19,1.44,0.8,0.98,0.06,0.01
2020-10,57.38,12.86,15.96,4.3,6.16,1.37,0.07,1,0.82,0.07,0.02
2020-11,52.14,15.47,17.69,4.52,6.39,1.67,0.08,0.98,0.95,0.07,0.05
2020-12,54.38,12.84,19.01,4.21,6.05,1.59,0.07,0.81,0.91,0.08,0.03
