"Date","Facebook","Pinterest","Twitter","Instagram","YouTube","Tumblr","LinkedIn","reddit","Fark","VKontakte","Other"
2019-12,47.32,18.07,18.37,13.64,1.96,0.17,0.3,0.17,0,0,0
2020-01,45.6,16.41,20.06,15.04,2.41,0.1,0.1,0.13,0.13,0,0.03
2020-02,46.4,19.44,17.72,14.14,1.86,0.11,0.07,0.07,0.18,0,0
2020-03,45.17,15.69,17.84,17.71,3.08,0.05,0.05,0.11,0.27,0,0.03
2020-04,57.46,14.21,11.2,12.94,3.52,0.18,0.09,0.28,0.09,0.04,0
2020-05,79.33,14.45,1.9,1,2.51,0.42,0.22,0.07,0.08,0.02,0.01
2020-06,83.24,11.16,2.29,0.81,1.94,0.37,0.08,0.04,0.08,0,0
2020-07,80.37,13.88,2.19,0.7,2.4,0.16,0.07,0.06,0.17,0,0
2020-08,80.78,12.98,3.12,0.6,1.89,0.44,0.1,0.03,0.06,0,0
2020-09,73.36,18.1,4.04,0.73,3.14,0.4,0.12,0.09,0,0,0
2020-10,76.45,14.99,4.76,0.97,2.06,0.47,0.23,0.05,0.02,0,0
2020-11,76.16,13.55,6.52,0.8,2.21,0.4,0.08,0.15,0,0.08,0.04
2020-12,71.04,17.87,6.22,1.19,2.32,0.91,0.25,0.14,0,0,0.06
