"Date","Facebook","YouTube","Twitter","Pinterest","Instagram","LinkedIn","reddit","Tumblr","VKontakte","Other"
2019-12,93.14,1.92,1.68,1.44,1.46,0.26,0.05,0.03,0.02,0
2020-01,92.65,2.03,1.95,1.42,1.4,0.25,0.23,0.03,0.03,0.01
2020-02,94.92,1.4,1.08,1.08,1.17,0.19,0.07,0.04,0.04,0
2020-03,93.82,1.96,1.78,1.03,1.23,0.11,0.03,0.02,0.03,0
2020-04,92.07,3.24,1.89,1.31,1.27,0.1,0.06,0.03,0.03,0
2020-05,94.2,2.76,1.29,1.1,0.37,0.08,0.1,0.04,0.06,0
2020-06,93.31,2.59,1.84,1.42,0.31,0.3,0.1,0.09,0.04,0
2020-07,95.76,2.01,0.76,0.94,0.16,0.26,0.06,0.04,0.01,0.01
2020-08,97.14,1.39,0.57,0.58,0.12,0.14,0.04,0.01,0.01,0
2020-09,95.68,2.07,0.78,0.94,0.23,0.2,0.06,0.02,0.02,0
2020-10,87.46,6.75,2.23,2.31,0.54,0.47,0.14,0.04,0.05,0.01
2020-11,86.91,7.31,2.04,2.54,0.48,0.45,0.14,0.04,0.07,0.01
2020-12,88.58,5.72,2.21,2.18,0.67,0.45,0.16,0.03,0.01,0
