"Date","Facebook","Pinterest","Instagram","Twitter","YouTube","Tumblr","reddit","LinkedIn","VKontakte","news.ycombinator.com","Other"
2019-12,66.24,15.11,9,6.41,2.12,0.67,0.24,0.11,0.05,0.03,0.01
2020-01,67.18,14.57,8.82,6.7,1.74,0.53,0.23,0.1,0.09,0.02,0.01
2020-02,60.32,18.23,10.86,7.3,2.08,0.67,0.24,0.15,0.13,0.02,0
2020-03,63.49,14.47,10.44,8.54,2.27,0.46,0.17,0.09,0.05,0.01,0
2020-04,67.08,13.73,7.95,7.69,2.53,0.54,0.32,0.08,0.06,0.02,0.01
2020-05,77.47,16.57,0.9,1.5,2.36,0.59,0.44,0.07,0.07,0.02,0.01
2020-06,82.29,12.12,1.02,1.45,1.95,0.64,0.35,0.1,0.06,0.01,0
2020-07,83.7,10.27,0.94,2.12,1.91,0.49,0.35,0.14,0.04,0.04,0
2020-08,81.58,11.44,0.91,2.59,2.22,0.62,0.41,0.12,0.08,0.03,0
2020-09,80.88,12.85,1.31,1.95,1.97,0.51,0.36,0.1,0.04,0.03,0
2020-10,80.48,13.99,0.72,1.89,1.97,0.37,0.37,0.11,0.07,0.03,0
2020-11,81.63,12.61,0.81,2.29,1.79,0.32,0.37,0.07,0.07,0.04,0
2020-12,77.4,15.14,1.04,2.96,2.33,0.41,0.47,0.14,0.06,0.04,0.01
