"Date","Facebook","Twitter","Pinterest","Instagram","YouTube","LinkedIn","reddit","Tumblr","VKontakte","Vimeo","Google+","StumbleUpon","news.ycombinator.com"
2019-12,47.07,21.11,18.51,7.97,1.56,1.41,1.08,0.85,0.19,0.07,0,0.15,0.04
2020-01,41.75,21.42,17.04,9.07,4.79,2.26,2.1,0.9,0.11,0.07,0.4,0.09,0
2020-02,42.11,17.04,21.99,9.97,4.63,1.91,1.1,1.16,0,0.03,0,0.06,0
2020-03,42.15,26.17,13.94,10.05,3.27,1.96,1.75,0.39,0.12,0.14,0,0.08,0
2020-04,40.42,29.29,15.84,8.43,2.77,1.95,0.72,0.28,0.03,0.26,0,0,0.03
2020-05,53.89,21.16,17.4,2.57,1.86,1.96,0.68,0.24,0.07,0.14,0,0,0.03
2020-06,58.25,23.5,12.85,1.53,1.53,1.97,0.17,0.14,0,0,0.07,0,0
2020-07,55.91,25.91,11.32,1.16,1.55,3.2,0.56,0.25,0.07,0,0.07,0,0
2020-08,45.29,32.98,13.03,2.9,1.39,3.54,0.32,0.52,0,0,0,0,0.04
2020-09,57.1,23.42,12.47,1.99,1.88,1.51,0.3,1.18,0.11,0,0,0,0.04
2020-10,64.27,18.05,9.41,2.38,2.15,3.18,0.27,0.19,0.02,0,0,0.04,0.02
2020-11,57.35,22.67,12.89,2.54,1.88,1.94,0.54,0.06,0.06,0,0.03,0,0.03
2020-12,54.44,28.46,12.24,1.37,1.58,1.45,0.17,0.09,0.21,0,0,0,0
