"Date","Facebook","Pinterest","Twitter","Instagram","YouTube","Tumblr","reddit","VKontakte","LinkedIn","news.ycombinator.com","Other"
2019-12,55.57,18.94,9.55,9.3,3.24,1.47,0.69,0.96,0.14,0.15,0
2020-01,52.24,15.67,11.61,15.42,2.31,1.16,0.63,0.75,0.13,0.07,0.01
2020-02,49.06,20.12,10.29,14.22,2.8,1.27,0.61,1.39,0.16,0.06,0.02
2020-03,52.73,14.95,12.29,13.86,3.07,1.01,0.53,1.32,0.17,0.06,0.01
2020-04,50.31,13.53,16.43,14.32,2.97,0.92,0.8,0.54,0.11,0.06,0
2020-05,55.62,27.72,4.27,2.69,4.04,1.94,2.24,0.98,0.3,0.2,0
2020-06,55.24,24.53,7.06,3.11,3.86,2.61,2.16,0.95,0.35,0.13,0
2020-07,61.49,20.39,7.46,2.61,3.69,1.51,1.71,0.64,0.25,0.25,0
2020-08,54.92,21.44,8.78,2.59,7.45,1.58,1.77,0.77,0.45,0.24,0.02
2020-09,60.91,19.76,7.24,2.55,4.31,1.8,1.87,0.9,0.37,0.28,0.01
2020-10,59.15,20.3,8.01,2.8,4.31,1.55,2.02,1.13,0.39,0.33,0.01
2020-11,59.78,21.98,8.04,2.26,3.39,1.47,1.53,1,0.34,0.19,0.02
2020-12,56.7,22.18,8.59,4.17,3.71,1.5,1.53,0.91,0.37,0.34,0.01
