"Date","Facebook","Pinterest","Instagram","YouTube","Twitter","Tumblr","reddit","LinkedIn","Other"
2019-12,67.46,10.84,12.01,4.18,5.16,0.22,0.07,0.04,0.02
2020-01,70.1,10.99,9.33,4.06,5.17,0.22,0.07,0.05,0.02
2020-02,71.56,9.36,10.5,3.27,4.88,0.25,0.1,0.06,0.02
2020-03,72.2,7.63,10.07,4.17,5.63,0.2,0.04,0.04,0.01
2020-04,69.64,9.17,8.97,5.51,6.25,0.3,0.1,0.05,0.02
2020-05,72.18,10.83,3.65,10.31,2.41,0.39,0.16,0.05,0.02
2020-06,72.1,10.81,2.11,11.99,2.51,0.28,0.15,0.05,0.01
2020-07,74.57,7.94,3.7,10.96,2.43,0.23,0.12,0.04,0.01
2020-08,81.93,7.7,4.45,3.96,1.58,0.22,0.11,0.04,0.01
2020-09,75.94,9.7,5.64,5.76,2.48,0.25,0.15,0.07,0.01
2020-10,75.81,8.01,4.67,7.9,3.22,0.17,0.16,0.05,0.01
2020-11,78.66,6.27,4.94,7.18,2.56,0.18,0.15,0.04,0.02
2020-12,78.23,6.33,7.18,4.87,3.06,0.14,0.14,0.04,0.01
