"Date","Facebook","Pinterest","YouTube","Instagram","Twitter","Tumblr","reddit","LinkedIn","Other"
2019-12,50.14,14.72,5.85,18.16,10.84,0.1,0.06,0.05,0.09
2020-01,53.13,14.38,5.15,16.31,10.84,0.09,0.05,0.04,0.02
2020-02,49.54,15.36,5.1,18.02,11.77,0.1,0.05,0.06,0.02
2020-03,54.75,10.3,5.94,16.11,12.73,0.07,0.04,0.05,0.01
2020-04,52.83,10.12,9.41,13.11,14.29,0.12,0.06,0.04,0.01
2020-05,58.88,15.55,20.56,2.46,2.2,0.19,0.08,0.07,0.01
2020-06,57.72,14.68,22.15,1.4,3.76,0.15,0.07,0.05,0.01
2020-07,59.15,13.64,21.85,2.42,2.67,0.14,0.07,0.05,0.01
2020-08,71.87,12.62,7.7,2.77,4.81,0.11,0.06,0.05,0.01
2020-09,58.75,17.39,11.86,3.59,8.11,0.15,0.08,0.07,0.01
2020-10,60.55,15.06,16.91,2.3,4.9,0.13,0.08,0.05,0.02
2020-11,61.46,12.45,16.86,3.67,5.21,0.15,0.12,0.06,0.02
2020-12,68.11,12.63,12.43,2.78,3.75,0.11,0.1,0.07,0.02
