"Date","Facebook","Pinterest","Twitter","Instagram","YouTube","Tumblr","LinkedIn","reddit","Fark","Other"
2019-12,68.3,14.32,9.65,6.62,0.66,0.11,0.18,0.13,0.01,0.01
2020-01,71.1,12.23,9.71,5.96,0.54,0.12,0.19,0.11,0.02,0.01
2020-02,72.14,11.01,8.91,7.06,0.44,0.12,0.19,0.08,0.02,0.01
2020-03,72.28,9.59,10.05,7.1,0.49,0.08,0.24,0.15,0.01,0.01
2020-04,72.82,10.78,8.82,6.47,0.65,0.13,0.23,0.07,0.01,0.03
2020-05,81.3,13.7,2.79,0.66,0.77,0.2,0.31,0.21,0.03,0.03
2020-06,80.74,12.76,4.12,0.4,0.83,0.54,0.33,0.23,0.04,0
2020-07,81.63,12.12,4.37,0.55,0.62,0.31,0.19,0.17,0.03,0.01
2020-08,81.63,11.6,4.65,0.44,0.7,0.38,0.43,0.13,0.02,0.02
2020-09,81.03,12.16,4.81,0.38,0.66,0.58,0.2,0.14,0.03,0
2020-10,58.62,31.18,7.37,0.51,1.28,0.5,0.17,0.26,0.07,0.04
2020-11,42.61,37.94,14.34,1.3,1.93,0.95,0.31,0.56,0.03,0.02
2020-12,46.95,38.71,9.65,1.52,1.56,0.67,0.44,0.32,0.1,0.09
