"Date","Facebook","Twitter","Pinterest","Instagram","YouTube","Tumblr","reddit","LinkedIn","news.ycombinator.com","VKontakte","Other"
2019-12,52.04,16.43,11.92,15.84,1.69,1.04,0.7,0.26,0.04,0.03,0.01
2020-01,47.64,18.97,11.92,17.83,1.51,1,0.78,0.27,0.03,0.04,0.01
2020-02,42.41,20.31,11.9,21.73,1.61,0.91,0.76,0.31,0.01,0.04,0.01
2020-03,43.18,21.21,10.03,22.05,1.8,0.77,0.67,0.25,0.02,0.02,0.01
2020-04,41.27,21.24,12.37,20.67,2.37,0.85,0.89,0.28,0.03,0.03,0.01
2020-05,64.83,6.53,20.77,1.34,2.96,1.63,1.4,0.45,0.06,0.02,0.02
2020-06,67,7.31,18.69,1.15,2.55,1.6,1.22,0.42,0.03,0.02,0.01
2020-07,65.43,8.45,18.76,1.31,2.78,1.43,1.21,0.51,0.08,0.01,0.01
2020-08,67.63,7.95,17.43,1.41,2.74,1.24,1.05,0.47,0.05,0.02,0.01
2020-09,69.16,7.88,15.75,1.41,2.83,1.41,1,0.45,0.08,0.02,0.01
2020-10,61.42,11.56,19.48,1.47,2.86,1.42,1.19,0.51,0.07,0.01,0.01
2020-11,61.8,15.55,16.08,1.62,2.28,1.09,0.94,0.56,0.06,0.01,0.02
2020-12,60.93,13.16,19.15,1.72,2.37,1.02,0.99,0.55,0.09,0.01,0.02
