"Date","Facebook","Pinterest","Twitter","YouTube","Instagram","Tumblr","LinkedIn","reddit","VKontakte","Other"
2019-12,45.45,26.31,15.1,5.83,6.99,0.15,0.07,0.1,0.01,0
2020-01,36.71,31.06,17.04,6.18,8.54,0.17,0.09,0.13,0.08,0
2020-02,40.76,30.74,14.92,4.27,8.9,0.14,0.15,0.1,0.03,0.01
2020-03,44.8,24.82,15.44,5.06,9.3,0.07,0.18,0.05,0.29,0
2020-04,35.11,24.98,20.62,7.03,11.64,0.21,0.15,0.09,0.17,0
2020-05,45.81,30.19,14.03,7.49,0.93,0.93,0.25,0.25,0.09,0.02
2020-06,51.03,31.18,7.34,8.38,0.8,0.81,0.21,0.17,0.07,0
2020-07,60.13,25.77,5.73,6.77,0.7,0.45,0.23,0.19,0.03,0.01
2020-08,50.51,30.92,8.17,7.21,1.53,1.08,0.26,0.24,0.09,0
2020-09,46.56,35.7,8.47,6.83,0.96,0.83,0.34,0.19,0.06,0.05
2020-10,45.09,37.38,9.07,6.57,0.82,0.42,0.21,0.39,0.05,0
2020-11,46.48,31.47,13.32,6.65,1.05,0.44,0.38,0.17,0.03,0.03
2020-12,42.89,41.5,8.54,5.44,0.89,0.32,0.22,0.15,0.04,0.02
