"Date","Facebook","YouTube","Pinterest","Twitter","Instagram","VKontakte","LinkedIn","reddit","Tumblr","Other"
2019-12,72.95,9.04,7.15,8.66,1.25,0.4,0.16,0.24,0.12,0.02
2020-01,44.72,14.63,11.38,25.42,2.56,0.66,0.19,0.21,0.2,0.03
2020-02,53.51,15.79,10.96,15.48,2.83,0.73,0.15,0.22,0.31,0.03
2020-03,58.05,16.99,8.14,13.48,2.57,0.4,0.15,0.12,0.09,0.01
2020-04,48.81,22.3,9.69,14.8,3.25,0.53,0.12,0.26,0.22,0.02
2020-05,65.57,18.12,8.9,4.29,2.1,0.3,0.12,0.33,0.27,0.01
2020-06,62.39,15.06,13.93,6.58,0.49,0.23,0.22,0.48,0.57,0.06
2020-07,69.03,14.79,10.95,3.94,0.24,0.22,0.24,0.29,0.28,0.01
2020-08,54.07,19.71,16.71,5.82,1.67,0.31,1.19,0.29,0.2,0.03
2020-09,58.2,21.99,12.22,5.26,0.94,0.2,0.66,0.22,0.27,0.03
2020-10,60.2,19.08,13.61,5.53,0.5,0.21,0.44,0.28,0.13,0.02
2020-11,65.84,17.37,8.92,6.41,0.35,0.19,0.5,0.23,0.17,0.03
2020-12,61.23,18.98,12.03,5.73,0.67,0.18,0.44,0.42,0.27,0.05
