"Date","Facebook","Twitter","Instagram","Pinterest","YouTube","reddit","Tumblr","LinkedIn","VKontakte","Other"
2019-12,84.22,4.65,5.82,3.9,0.97,0.18,0.16,0.05,0.04,0.01
2020-01,82.85,5.26,6.71,3.91,0.86,0.15,0.16,0.06,0.03,0.01
2020-02,85.19,4.56,6.04,3.1,0.81,0.11,0.12,0.05,0.03,0
2020-03,84.52,5.74,6.26,2.29,0.91,0.13,0.09,0.05,0.02,0
2020-04,79.32,7.85,7.55,3.23,1.57,0.24,0.14,0.07,0.03,0.01
2020-05,87.49,3.2,2.2,4.62,1.91,0.27,0.21,0.08,0.02,0.01
2020-06,86.37,4.02,2.14,4.66,2.17,0.28,0.23,0.1,0.03,0.01
2020-07,86.54,4.25,2.09,4.31,2.15,0.3,0.22,0.11,0.02,0.01
2020-08,87.68,3.74,2.39,4.15,1.41,0.3,0.22,0.1,0.01,0.01
2020-09,84.12,4.72,3.1,5.17,2.18,0.29,0.27,0.13,0.01,0.01
2020-10,82.66,4.98,3.15,5.37,2.84,0.58,0.23,0.16,0.01,0.01
2020-11,80.88,5.94,3.74,5.68,2.78,0.55,0.23,0.17,0.01,0.01
2020-12,78.6,7.28,4.55,6.28,2.42,0.49,0.2,0.14,0.01,0.02
