"Date","Facebook","Pinterest","Twitter","YouTube","Instagram","LinkedIn","reddit","Tumblr","VKontakte","Other"
2019-12,66.14,20.44,5.44,3.41,4.44,0.06,0.03,0.03,0.02,0
2020-01,73.04,16.66,4.09,2.36,3.73,0.05,0.03,0.03,0.01,0
2020-02,72.24,16.68,4.23,2.47,4.08,0.09,0.1,0.1,0,0.01
2020-03,80.28,9.92,3.75,2.07,3.91,0.03,0.01,0.01,0.01,0
2020-04,73.22,12.05,6.06,4.07,4.4,0.05,0.02,0.05,0.07,0.01
2020-05,82.27,10.27,2.58,3.46,1.25,0.05,0.05,0.06,0.02,0.01
2020-06,82.3,10.35,2.68,3.4,1.09,0.07,0.03,0.03,0.04,0
2020-07,82.62,10.87,2.16,3.17,1.06,0.05,0.02,0.03,0.03,0
2020-08,81.96,11.04,2.16,3.43,1.22,0.09,0.03,0.03,0.03,0.01
2020-09,78.03,14.06,2.81,4.17,0.7,0.11,0.04,0.03,0.05,0.01
2020-10,89.01,7.35,1.49,1.7,0.35,0.04,0.01,0.03,0.02,0
2020-11,84.29,8.99,4.02,2.05,0.53,0.04,0.03,0.02,0.02,0
2020-12,85.56,8.26,3.81,1.7,0.44,0.07,0.15,0.01,0.01,0
