"Date","Facebook","Instagram","Pinterest","Twitter","YouTube","Tumblr","reddit","LinkedIn","VKontakte","Other"
2019-12,59.88,14.67,10.7,11.51,2.8,0.31,0.1,0.03,0.01,0
2020-01,59.23,16.45,10.27,11.22,2.53,0.14,0.1,0.02,0.02,0
2020-02,56.28,17.75,11.03,11.93,2.59,0.18,0.12,0.03,0.07,0
2020-03,40.44,26.74,10.79,17.95,3.74,0.19,0.09,0.02,0.03,0.01
2020-04,46.5,23.03,8.52,18.11,3.46,0.18,0.08,0.04,0.07,0
2020-05,70.64,4.79,15.94,3.21,4.56,0.45,0.23,0.06,0.13,0.01
2020-06,59.89,21.61,11.56,3.22,2.93,0.61,0.14,0.03,0.02,0
2020-07,59.2,11.93,18.62,4.57,4.87,0.43,0.28,0.06,0.02,0.01
2020-08,52.84,11.72,23.79,4.89,5.92,0.51,0.19,0.07,0.06,0
2020-09,50.95,9.56,25.36,5.22,7.61,0.79,0.23,0.18,0.07,0.02
2020-10,56.29,6.16,22.72,6.53,7.13,0.56,0.35,0.12,0.11,0.01
2020-11,50.83,5.48,25.53,9.2,7.46,0.74,0.5,0.13,0.13,0.01
2020-12,47.49,4.18,33.72,7.21,6.24,0.36,0.57,0.18,0.03,0.01
