"Date","Facebook","Pinterest","Instagram","Twitter","YouTube","Tumblr","reddit","VKontakte","LinkedIn","Other"
2019-12,40.1,27.73,18.5,11.05,1.9,0.46,0.23,0,0.02,0
2020-01,33.67,29.51,21.76,12.54,1.92,0.5,0.09,0,0.01,0
2020-02,36.76,26.08,21.46,12.84,2.32,0.43,0.06,0.01,0.03,0.01
2020-03,50.22,16.7,17.6,13.21,2.03,0.18,0.04,0.02,0.01,0
2020-04,41.87,19.82,20.33,14.75,2.66,0.48,0.06,0.01,0.02,0
2020-05,70.53,22.92,1.11,1.94,2.87,0.5,0.08,0.02,0.02,0.01
2020-06,70.81,23.66,0.52,1.78,2.66,0.46,0.08,0.01,0.01,0.01
2020-07,73.03,20.97,0.51,2.33,2.45,0.45,0.19,0.02,0.05,0
2020-08,68.83,24.33,0.69,2.57,2.88,0.49,0.14,0.02,0.04,0
2020-09,71.52,23.43,0.42,1.88,2.13,0.43,0.12,0.02,0.04,0
2020-10,84.31,12.5,0.18,1.27,1.44,0.15,0.08,0.03,0.03,0
2020-11,64.6,27.29,0.59,3.33,3.56,0.23,0.15,0.18,0.07,0.01
2020-12,61.25,30.5,0.85,4.2,2.55,0.25,0.15,0.16,0.08,0
