"Date","Facebook","Instagram","Pinterest","Twitter","YouTube","Tumblr","reddit","LinkedIn","VKontakte","Other"
2019-12,89.89,3.52,3.09,1.98,1.06,0.19,0.14,0.05,0.07,0.01
2020-01,88.13,6.02,2.38,2.27,0.85,0.13,0.1,0.04,0.08,0
2020-02,91.13,3.87,2.19,1.78,0.62,0.11,0.13,0.04,0.11,0
2020-03,93.68,2.8,1.33,1.48,0.56,0.06,0.06,0.01,0.02,0
2020-04,92.89,3.03,1.71,1.46,0.69,0.08,0.09,0.03,0.02,0
2020-05,94.6,1.16,2.15,0.76,0.97,0.14,0.11,0.03,0.07,0.01
2020-06,96.63,0.78,1.22,0.6,0.55,0.12,0.07,0.02,0.01,0
2020-07,96.16,0.49,1.76,0.75,0.62,0.11,0.09,0.02,0,0
2020-08,94.65,0.96,1.89,1.24,0.81,0.14,0.1,0.2,0.01,0
2020-09,96.06,0.48,1.63,0.82,0.67,0.1,0.1,0.12,0.01,0.01
2020-10,96.17,0.43,1.71,0.83,0.67,0.07,0.08,0.03,0.01,0.01
2020-11,94.71,0.76,1.94,1.64,0.69,0.09,0.1,0.06,0.01,0
2020-12,94.32,1.17,2.1,1.39,0.76,0.08,0.08,0.09,0.01,0.01
