"Date","Facebook","Pinterest","Twitter","Instagram","YouTube","Tumblr","LinkedIn","reddit","VKontakte","news.ycombinator.com","Other"
2019-12,49.02,29.98,10.12,6.37,2.53,0.84,0.56,0.45,0.07,0.04,0.03
2020-01,52.53,26.56,10.78,6.25,2.17,0.69,0.44,0.43,0.05,0.03,0.07
2020-02,54.17,23.74,10.6,7.45,2.18,0.79,0.5,0.47,0.07,0.02,0.02
2020-03,65.61,15.5,9.75,6.32,1.76,0.35,0.37,0.27,0.04,0.02,0.01
2020-04,58.33,20.16,10.73,6.82,2.5,0.55,0.37,0.44,0.06,0.03,0.02
2020-05,62.21,24.29,7.15,2.12,2.43,0.61,0.41,0.67,0.06,0.05,0.01
2020-06,58.56,26.76,8.15,2.03,2.43,0.72,0.51,0.71,0.08,0.03,0.01
2020-07,57.94,26.4,9.33,2.06,2.25,0.6,0.65,0.61,0.07,0.07,0.01
2020-08,61.98,23.46,8.47,2.2,2,0.53,0.59,0.52,0.2,0.03,0.01
2020-09,60.91,23.65,8.43,2.32,2.66,0.63,0.62,0.6,0.07,0.07,0.02
2020-10,55.36,28.38,9.56,2.17,2.66,0.47,0.71,0.59,0.04,0.06,0.01
2020-11,52.73,28.94,11.67,2.47,2.42,0.42,0.67,0.57,0.05,0.05,0.01
2020-12,54.64,28.3,10.14,2.73,2.44,0.38,0.71,0.55,0.03,0.07,0.02
