"Date","Facebook","Pinterest","YouTube","Twitter","Instagram","Tumblr","reddit","VKontakte","LinkedIn","Other"
2019-12,85.95,6.95,2.14,2.51,2.36,0.01,0.02,0.02,0.05,0
2020-01,81.34,6.19,2.15,7.39,2.5,0.15,0.14,0.08,0.06,0
2020-02,87.36,4.8,3.04,2.79,1.9,0.07,0.01,0,0.02,0
2020-03,84.66,6.42,2.63,3.38,2.65,0.09,0.06,0.1,0.01,0
2020-04,78.44,9.48,4.89,3.84,2.84,0.26,0.17,0.03,0.02,0.02
2020-05,87.66,6.16,3.04,2.06,0.55,0.27,0.2,0.04,0.01,0.01
2020-06,92.68,3.51,1.48,1.38,0.24,0.13,0.09,0.43,0.06,0
2020-07,92.65,3.33,2.38,0.86,0.34,0.22,0.13,0.05,0.02,0.01
2020-08,89.37,5.11,3.41,1.19,0.49,0.14,0.2,0.03,0.02,0.02
2020-09,86.72,5.4,5.1,1.6,0.65,0.29,0.17,0.01,0.05,0
2020-10,84.65,7.21,4.51,2.42,0.88,0.17,0.05,0,0.09,0.01
2020-11,79.12,9.7,6.66,2.77,1.18,0.23,0.19,0.06,0.08,0.02
2020-12,80.16,9.17,5.57,3.08,1.17,0.14,0.23,0.03,0.42,0.02
