"Date","Facebook","Pinterest","Twitter","Instagram","YouTube","Tumblr","reddit","VKontakte","LinkedIn","Other"
2019-12,53.71,19.47,14.88,8.28,2.22,0.62,0.24,0.54,0.03,0.01
2020-01,42.25,21.82,20.32,11.32,2.37,1.07,0.31,0.48,0.04,0.01
2020-02,47.78,17.58,20.07,11.21,1.96,0.67,0.33,0.37,0.01,0.01
2020-03,46.53,14.4,23.79,11.98,2.4,0.55,0.2,0.12,0.03,0.01
2020-04,35.57,19.93,25.62,13.63,4.28,0.6,0.29,0.07,0.02,0
2020-05,57.12,32.09,3.51,1.06,4.38,0.98,0.69,0.09,0.06,0.01
2020-06,59.45,30.06,4.1,0.89,3.37,1.51,0.52,0.01,0.08,0.01
2020-07,54.46,36.64,3.2,1.15,3.12,0.9,0.46,0.03,0.03,0.01
2020-08,54.63,31.83,5.11,1.59,4.39,1.54,0.76,0.03,0.1,0.02
2020-09,53,30.98,5.45,2.03,5.97,1.46,0.99,0.02,0.1,0.01
2020-10,49.22,34.32,6.56,1.67,5.34,1.98,0.8,0.01,0.1,0.01
2020-11,46.56,31.56,10.22,1.91,4.96,4.06,0.58,0,0.14,0
2020-12,34.91,49.19,7.66,1.81,3.61,2.16,0.48,0,0.15,0.03
