"Date","Facebook","Pinterest","Instagram","Twitter","YouTube","Tumblr","reddit","LinkedIn","VKontakte","news.ycombinator.com","Other"
2019-12,67.07,14.87,6.54,5.07,4.25,0.94,0.55,0.31,0.33,0.06,0.01
2020-01,66.81,14.92,6.53,6.18,3.48,0.78,0.58,0.31,0.29,0.05,0.06
2020-02,56.7,21.57,8.29,6.63,4.39,0.95,0.52,0.31,0.57,0.03,0.03
2020-03,59.98,17.17,7.87,8.56,4.75,0.73,0.5,0.19,0.21,0.03,0.01
2020-04,72.02,11.64,4.84,5.46,4.76,0.55,0.45,0.08,0.14,0.04,0.01
2020-05,73.42,16.38,1.48,2.4,3.75,0.91,1.28,0.12,0.19,0.06,0.01
2020-06,74.72,14.13,2.77,2.67,3.16,1.12,1.03,0.2,0.12,0.07,0.01
2020-07,71.45,16.05,2.26,3.53,4.02,1.02,1.08,0.27,0.15,0.16,0
2020-08,71.11,15.52,4.43,3.14,3.49,0.81,1.02,0.29,0.1,0.08,0.02
2020-09,67.96,17.1,3.6,3.39,4.74,0.99,1.37,0.44,0.24,0.18,0
2020-10,61.96,19.91,3.86,3.65,7.91,0.82,1.16,0.38,0.18,0.17,0
2020-11,65.53,17.41,3.83,3.71,7.39,0.68,0.97,0.2,0.15,0.12,0
2020-12,69.05,16.98,2.51,2.92,6.78,0.5,0.88,0.17,0.1,0.09,0
