"Date","Facebook","Twitter","Instagram","Pinterest","YouTube","Tumblr","reddit","LinkedIn","news.ycombinator.com","Other"
2019-12,89.42,4.99,3.15,1.53,0.48,0.19,0.16,0.06,0.01,0.01
2020-01,84.36,7.06,4.9,2.45,0.67,0.24,0.21,0.08,0.01,0.01
2020-02,85.15,6.48,4.95,2.21,0.72,0.22,0.18,0.07,0,0.02
2020-03,89.58,4.98,3.27,1.36,0.54,0.09,0.12,0.05,0,0.01
2020-04,85.31,7.08,3.98,2.39,0.76,0.17,0.21,0.09,0.01,0.01
2020-05,89.64,3.33,0.91,4.21,1.08,0.34,0.29,0.16,0.02,0.02
2020-06,89.53,4.45,0.59,3.51,0.98,0.42,0.31,0.17,0.01,0.01
2020-07,85.37,6.82,0.94,4.42,1.42,0.38,0.4,0.21,0.03,0.01
2020-08,84.66,7.29,0.87,4.74,1.4,0.36,0.4,0.24,0.02,0.01
2020-09,86.72,6.42,0.85,4.11,0.92,0.35,0.35,0.23,0.04,0.01
2020-10,91.19,4.04,0.67,2.98,0.55,0.2,0.23,0.12,0.02,0.01
2020-11,90.95,4.78,0.79,2.53,0.45,0.15,0.18,0.13,0.01,0.01
2020-12,88.74,5.71,0.88,3.46,0.64,0.16,0.24,0.14,0.03,0.01
