"Date","Facebook","Pinterest","YouTube","Twitter","Instagram","LinkedIn","Tumblr","reddit","VKontakte","Other"
2019-12,79.55,9.75,4.72,3.74,1.85,0.03,0.12,0.05,0.18,0.01
2020-01,62.87,17.76,7.53,7.12,3.63,0.07,0.32,0.14,0.54,0.01
2020-02,61.78,14.92,8.99,8.1,4.9,0.06,0.39,0.09,0.76,0.01
2020-03,53.41,19.47,13.89,6.97,5.7,0.1,0.14,0.09,0.23,0
2020-04,61.97,20.05,10.08,4.36,2.84,0.18,0.17,0.12,0.23,0.01
2020-05,79.09,13.19,3.86,2.56,0.27,0.5,0.19,0.22,0.12,0
2020-06,72.38,16.47,4.48,5.47,0.25,0.22,0.41,0.22,0.1,0
2020-07,77.05,14.85,4.26,2.51,0.17,0.6,0.23,0.25,0.06,0.01
2020-08,69.11,22.44,4.99,2.44,0.31,0.12,0.17,0.38,0.03,0
2020-09,81.62,11.04,2.44,4.12,0.2,0.35,0.08,0.13,0.01,0
2020-10,90.95,5.28,1.56,1.77,0.11,0.17,0.04,0.09,0.03,0
2020-11,89.42,6.32,1.59,2.23,0.13,0.17,0.05,0.08,0.01,0
2020-12,74.54,19.79,2.39,2.88,0.15,0.1,0.04,0.1,0.01,0
