"Date","Facebook","Pinterest","Twitter","YouTube","Instagram","LinkedIn","Tumblr","reddit","VKontakte","Vimeo","Other"
2019-12,74.08,13.67,5.81,1.83,4.41,0.02,0,0.11,0.06,0,0.02
2020-01,73.49,13.75,5.62,2.1,4.85,0.03,0.06,0.05,0,0.03,0.03
2020-02,77.04,11.8,4.64,2.07,4.39,0.02,0.01,0,0,0.01,0.01
2020-03,79.64,10.23,4.53,1.52,3.92,0.07,0.02,0.02,0.03,0,0.01
2020-04,74.35,11.34,6.86,2.83,4.49,0.04,0.04,0.01,0,0.03,0.01
2020-05,77.75,14.07,4.05,3.29,0.65,0.09,0.03,0.03,0,0.02,0
2020-06,81.17,13.03,2.89,2.51,0.29,0.01,0.04,0.03,0.01,0.01,0
2020-07,80.81,13.12,2.97,2.73,0.31,0.02,0.03,0,0,0.02,0
2020-08,80.08,13.36,3.18,2.82,0.24,0.15,0.05,0.02,0.08,0.02,0
2020-09,76.67,14.67,4.17,3.5,0.38,0.36,0.16,0.02,0,0.04,0.02
2020-10,84.95,8.95,3.1,2.24,0.46,0.13,0.1,0.04,0,0.03,0
2020-11,80.1,9.58,7.49,2.07,0.41,0.14,0.12,0.03,0.02,0.03,0
2020-12,80.31,10.96,5.46,2.38,0.56,0.16,0.1,0.02,0.06,0,0
