"Date","Facebook","Pinterest","Twitter","YouTube","Instagram","Tumblr","LinkedIn","reddit","VKontakte","Other"
2019-12,51.77,20.16,12.66,6.27,8.73,0.22,0.15,0.04,0,0
2020-01,53.36,20.94,11.56,5.43,8.37,0.22,0.02,0.04,0.02,0.04
2020-02,54.86,19.36,11.56,4.67,9.12,0.1,0.23,0.1,0,0
2020-03,82.42,6.46,5.47,1.75,3.63,0.02,0.02,0.02,0.2,0
2020-04,81.57,5.19,5.51,3.34,4.3,0.03,0.02,0.03,0,0
2020-05,84.32,6.83,4.1,3.79,0.82,0.03,0.04,0.06,0,0.01
2020-06,84.19,8.08,4.68,2.41,0.41,0.08,0.07,0.07,0,0.02
2020-07,85.81,8.24,3.37,2,0.47,0.03,0.05,0.01,0.02,0.01
2020-08,89.26,5.11,3.34,1.81,0.36,0.05,0.06,0.01,0,0
2020-09,86.34,6.22,3.76,2.85,0.65,0.11,0.04,0.02,0,0
2020-10,90.79,3.82,3.07,1.96,0.3,0.02,0.03,0,0,0
2020-11,89.09,4.21,4.59,1.78,0.25,0.02,0.02,0.03,0,0
2020-12,89.27,3.83,4.25,2.13,0.45,0.02,0,0.05,0,0
