"Date","Facebook","Pinterest","YouTube","Instagram","Twitter","VKontakte","Tumblr","reddit","LinkedIn","news.ycombinator.com","Other"
2019-12,63.77,12.24,9.22,6.86,5.91,1.27,0.47,0.15,0.07,0.02,0.01
2020-01,69.18,10.64,5.05,7.34,6.12,0.99,0.39,0.19,0.08,0.02,0
2020-02,62.09,17.63,5.34,7.48,5.48,1.07,0.42,0.31,0.13,0.01,0.04
2020-03,75.97,8.16,5.1,5.04,4.65,0.73,0.14,0.17,0.04,0,0.01
2020-04,69.64,12.95,6.17,4.86,4.87,0.89,0.27,0.28,0.05,0.01,0
2020-05,86.35,7.38,3,0.84,1.03,0.75,0.3,0.3,0.03,0.01,0
2020-06,78.03,13.6,4.36,0.57,1.54,0.84,0.47,0.51,0.06,0.01,0.01
2020-07,83.39,9.62,3.26,0.79,1.54,0.71,0.25,0.35,0.06,0.02,0
2020-08,83.27,9.38,3.23,0.8,1.69,0.86,0.3,0.28,0.17,0.01,0.01
2020-09,84.05,8.14,4.1,1.13,1,0.99,0.22,0.18,0.17,0.01,0
2020-10,76.59,14.52,3.86,1.01,1.62,1.64,0.25,0.25,0.22,0.03,0
2020-11,80.77,9.71,3.65,1.29,1.77,1.94,0.27,0.32,0.19,0.04,0.07
2020-12,74.49,12.62,3.47,1.71,2.13,4.48,0.35,0.26,0.39,0.03,0.06
