"Date","Facebook","Pinterest","YouTube","Twitter","Instagram","Tumblr","VKontakte","reddit","LinkedIn","news.ycombinator.com","Other"
2019-12,79.08,10.56,3.28,3.29,2.53,0.62,0.47,0.11,0.05,0.01,0
2020-01,52.42,21.58,5.91,10.54,7.3,1.14,0.68,0.27,0.14,0.01,0.01
2020-02,53.02,25.54,5.12,6.66,7.38,1.21,0.67,0.14,0.21,0.01,0.03
2020-03,59.91,16.62,6.9,7.99,6.98,0.98,0.38,0.16,0.07,0.01,0.01
2020-04,65.52,13.97,6.54,5.91,5.82,1.21,0.64,0.29,0.08,0.01,0
2020-05,66.5,19.22,7.14,2.31,1.87,1.45,0.68,0.64,0.15,0.02,0.01
2020-06,67.46,17.85,7.07,2.76,1.68,1.66,0.67,0.62,0.18,0.02,0.03
2020-07,68.61,16.87,8.5,2.31,1.14,1.19,0.54,0.58,0.2,0.05,0
2020-08,66.46,18.07,8.72,2.81,1.42,1.08,0.48,0.6,0.32,0.03,0.02
2020-09,72.75,15.09,6.36,2.12,1.35,0.98,0.41,0.56,0.35,0.02,0.01
2020-10,63.57,23.21,6.94,2.52,1.35,0.86,0.55,0.68,0.29,0.03,0
2020-11,69.21,18.32,5.39,3.1,1.98,0.74,0.47,0.53,0.2,0.02,0.02
2020-12,76.72,12.76,4.26,2.24,2.26,0.74,0.29,0.43,0.24,0.03,0.02
