"Date","Facebook","Pinterest","Twitter","YouTube","Instagram","reddit","Tumblr","VKontakte","LinkedIn","Other"
2019-12,77.83,9.41,4.71,3.25,4.37,0.29,0.05,0,0.1,0
2020-01,76.82,9.54,4.4,2.57,6.58,0,0.05,0,0,0.05
2020-02,75.69,9.64,5.27,2.28,6.36,0.19,0.09,0.38,0.09,0
2020-03,82.52,5.9,4.58,2.08,4.68,0,0.1,0.07,0.07,0
2020-04,68.41,10.13,9.04,6.06,6.31,0.06,0,0,0,0
2020-05,76.9,12.63,4.03,4.7,0.81,0.27,0.4,0.27,0,0
2020-06,77.87,12.48,4.75,4.36,0.23,0.23,0.08,0,0,0
2020-07,72.03,14.72,4.94,7.05,0.42,0.32,0.42,0,0.11,0
2020-08,72.69,16.6,5.09,4.55,0.54,0.4,0.13,0,0,0
2020-09,72,16.85,6.06,4.12,0.73,0.24,0,0,0,0
2020-10,75.4,16.9,3.16,3.56,0.59,0.4,0,0,0,0
2020-11,71.22,18.79,4.76,4.04,0.48,0.48,0.24,0,0,0
2020-12,69.76,16.67,9.73,2.8,0.74,0.29,0,0,0,0
