"Date","Facebook","Pinterest","YouTube","Instagram","Twitter","Tumblr","reddit","LinkedIn","Other"
2019-12,52.81,18.56,3.94,13.85,10.49,0.19,0.1,0.03,0.02
2020-01,47.1,20.66,4.07,15.57,12.21,0.23,0.11,0.04,0.02
2020-02,50.7,16.79,3.42,17.22,11.51,0.19,0.12,0.05,0.01
2020-03,56.25,11.15,4.23,14.15,13.98,0.11,0.07,0.04,0.02
2020-04,56.2,11.35,5.36,11.85,14.91,0.17,0.09,0.05,0.02
2020-05,68.28,17.71,10.43,1.33,1.81,0.25,0.13,0.04,0.02
2020-06,71.19,13.76,12.2,0.65,1.85,0.21,0.1,0.03,0.01
2020-07,66.24,15.37,14.91,1.14,1.97,0.18,0.11,0.04,0.01
2020-08,77.64,13.56,4.91,1.63,1.94,0.16,0.1,0.04,0.01
2020-09,67.13,19.91,7.92,2.3,2.22,0.29,0.14,0.07,0.02
2020-10,68.48,16.62,9.91,1.14,3.45,0.18,0.16,0.05,0.01
2020-11,69.83,15.39,9.58,1.43,3.37,0.15,0.17,0.07,0.02
2020-12,66.8,18.64,8.48,1.5,4.14,0.19,0.14,0.08,0.03
