"Date","Facebook","YouTube","Pinterest","Instagram","Twitter","Tumblr","reddit","LinkedIn","Other"
2019-12,75.4,7.03,8.71,4.86,3.88,0.04,0.04,0.02,0.01
2020-01,75.23,6.61,8.5,5.37,4.14,0.07,0.04,0.02,0.02
2020-02,77.16,5.27,7.85,5.49,4.12,0.05,0.02,0.01,0.02
2020-03,79.87,6.2,5.03,4.54,4.29,0.03,0.02,0.01,0.01
2020-04,77.47,9.82,5.26,3.5,3.84,0.05,0.02,0.01,0.02
2020-05,67.49,24.61,6.08,0.85,0.86,0.07,0.03,0.01,0.01
2020-06,65.31,26.19,6.29,0.45,1.64,0.06,0.04,0.01,0.01
2020-07,69.8,23.68,4.93,0.73,0.76,0.04,0.03,0.01,0.01
2020-08,84.03,8.25,5.4,1.36,0.85,0.04,0.05,0.01,0
2020-09,77.13,11.85,8.08,2.05,0.76,0.06,0.04,0.01,0.01
2020-10,78.62,13.7,6.16,0.71,0.7,0.05,0.04,0.01,0.01
2020-11,78.17,14.41,5.36,0.93,0.98,0.05,0.07,0.01,0.01
2020-12,81.69,10.87,5.56,0.82,0.97,0.03,0.04,0.01,0.01
