"Date","Facebook","Pinterest","Twitter","Instagram","YouTube","Tumblr","reddit","LinkedIn","VKontakte","news.ycombinator.com","Other"
2019-12,56.28,27.77,7.11,5.49,2.2,0.7,0.2,0.16,0.04,0.02,0.01
2020-01,55.65,25.85,8.86,6.53,1.9,0.71,0.25,0.16,0.05,0.02,0.02
2020-02,57.5,23.71,8.74,7.18,1.77,0.64,0.22,0.16,0.05,0.01,0.01
2020-03,59.99,19.56,10.32,7.35,1.9,0.53,0.17,0.14,0.03,0.01,0.01
2020-04,50.53,25.2,11.66,8.38,2.85,0.72,0.38,0.2,0.04,0.02,0.01
2020-05,61.13,28.64,4.23,1.48,2.82,0.83,0.6,0.19,0.04,0.03,0.01
2020-06,65.83,25.15,3.91,1.19,2.33,0.8,0.52,0.22,0.03,0.02,0.01
2020-07,61.76,28.52,4.72,1.2,2.27,0.74,0.48,0.23,0.03,0.05,0.01
2020-08,60.97,28.74,4.92,1.52,2.24,0.86,0.47,0.23,0.03,0.02,0.01
2020-09,69.1,22.27,4.03,1.2,1.96,0.77,0.41,0.18,0.03,0.04,0
2020-10,72.47,20.21,3.63,1.05,1.64,0.45,0.32,0.16,0.02,0.03,0
2020-11,60.98,28.54,5.62,1.49,2.05,0.57,0.42,0.19,0.1,0.03,0.01
2020-12,56.1,32.69,6.04,1.69,2.18,0.53,0.42,0.22,0.09,0.04,0.01
