"Date","Facebook","Twitter","Pinterest","Instagram","YouTube","Tumblr","LinkedIn","reddit","news.ycombinator.com","VKontakte","Other"
2019-12,52.35,23.24,15.15,6.62,1.18,0.74,0.31,0.34,0.04,0.02,0.02
2020-01,45.83,24.75,15.26,11.62,0.95,0.85,0.11,0.59,0.02,0.01,0
2020-02,43.18,28.46,12,12.86,1.21,1.36,0.46,0.37,0.05,0.03,0.01
2020-03,55.15,24.93,7.89,9.93,1.08,0.49,0.19,0.31,0,0.03,0
2020-04,58.7,23.18,8.07,7.52,1.43,0.54,0.24,0.32,0.01,0.01,0
2020-05,65.16,10.95,18.68,0.59,1.23,1.21,1.57,0.55,0.05,0.01,0.01
2020-06,68.58,10.61,16.77,0.69,0.99,1.19,0.68,0.48,0.01,0.01,0
2020-07,72.13,13.84,10.72,0.44,0.96,0.91,0.44,0.5,0.04,0.01,0.01
2020-08,69.18,12.76,13.77,0.77,1.21,1.49,0.42,0.32,0.06,0.01,0.01
2020-09,66.59,14.88,13.16,1.28,1.59,1.25,0.57,0.49,0.13,0.04,0.03
2020-10,63.52,14.37,17.85,1.19,1.13,0.89,0.42,0.55,0.05,0.01,0.01
2020-11,69.55,18.11,9.44,0.73,0.97,0.3,0.39,0.46,0.05,0.01,0.01
2020-12,56.05,15.85,23.35,1.44,1.05,0.48,1.08,0.63,0.05,0.01,0.02
