"Date","Facebook","Pinterest","Instagram","Twitter","YouTube","reddit","Tumblr","LinkedIn","Other"
2019-12,61.75,13.36,12.63,9.64,2.21,0.16,0.19,0.05,0.03
2020-01,69.92,9.19,10.27,8.36,1.29,0.71,0.15,0.1,0.01
2020-02,68.69,9.93,10.4,8.05,1.32,1.14,0.27,0.19,0.01
2020-03,68.17,7.51,14.67,8.11,1.4,0.08,0.05,0.01,0
2020-04,49.47,12.95,21.26,12.91,3.04,0.15,0.2,0,0.01
2020-05,56,31.03,2.72,2.97,5.32,0.98,0.76,0.15,0.06
2020-06,34.87,59.5,0.43,1.7,2.01,0.11,1.34,0.03,0.01
2020-07,61.02,24.18,1,5.8,6.37,0.32,1.21,0.07,0.04
2020-08,58.07,29.45,1.23,5.25,4.89,0.24,0.83,0.04,0
2020-09,55.91,31.81,2.33,2.51,5.82,0.31,1.16,0.13,0
2020-10,70.81,21.43,1.62,1.71,3.99,0.19,0.11,0.14,0
2020-11,62.98,24.58,1.48,5.67,4.23,0.34,0.62,0.1,0
2020-12,64.71,24.81,1.05,4.27,4.3,0.22,0.52,0.11,0
