"Date","Facebook","Pinterest","YouTube","Instagram","Twitter","Tumblr","reddit","LinkedIn","Other"
2019-12,62.2,10.98,4.31,13.41,8.99,0.05,0.04,0.02,0.01
2020-01,57.98,13.56,4.26,13.84,10.23,0.06,0.04,0.02,0.01
2020-02,60.07,11.36,3.8,14.83,9.8,0.05,0.03,0.03,0.01
2020-03,64.82,7.46,4.58,12.11,10.93,0.04,0.04,0.01,0.01
2020-04,60.09,8.09,8.36,10.39,12.9,0.08,0.06,0.02,0.01
2020-05,60.57,11.83,23.03,1.35,2.98,0.12,0.08,0.03,0.01
2020-06,63.2,11.34,21.83,0.75,2.68,0.12,0.05,0.02,0.01
2020-07,64.84,10.89,20.76,1.11,2.23,0.09,0.05,0.02,0.01
2020-08,81.33,9.32,6.01,1.51,1.69,0.06,0.04,0.02,0.01
2020-09,73.03,13.06,9.31,2.39,2.01,0.11,0.05,0.03,0.01
2020-10,71.54,13.02,12.08,0.92,2.27,0.07,0.06,0.03,0.01
2020-11,72.19,10.42,11.95,1.39,3.81,0.08,0.09,0.07,0.01
2020-12,72.58,12.1,10.37,1.36,3.42,0.05,0.08,0.05,0.01
