"Date","Facebook","Pinterest","Instagram","Twitter","YouTube","Tumblr","reddit","LinkedIn","Other"
2019-12,60.28,16.6,11.8,7.58,3.33,0.26,0.09,0.03,0.02
2020-01,62.93,15.97,10.47,7.46,2.56,0.32,0.16,0.12,0
2020-02,57.47,15.15,14.95,9.06,2.7,0.34,0.22,0.1,0
2020-03,57.52,12.73,14.6,10.86,3.74,0.19,0.32,0.03,0
2020-04,49.51,15.46,17.51,12.58,4.34,0.29,0.27,0.03,0.02
2020-05,62.13,25.61,2.22,3.23,5.79,0.36,0.54,0.12,0
2020-06,70.88,19.49,1.48,2.23,3.86,1.48,0.42,0.16,0
2020-07,67.4,23.69,1.11,1.95,5,0.53,0.27,0.05,0
2020-08,62.99,25.5,1.31,3.41,5.87,0.74,0.12,0.04,0.02
2020-09,63.45,24.61,2.01,2.55,6.28,0.75,0.13,0.21,0.03
2020-10,63.07,22.82,2.01,3.92,7.27,0.56,0.29,0.03,0.03
2020-11,60.26,23.14,1.4,5.83,8.04,0.65,0.61,0,0.07
2020-12,61.78,22.05,1.33,6.03,7.05,0.88,0.6,0.21,0.07
