"Date","Facebook","Pinterest","Instagram","Twitter","YouTube","Tumblr","reddit","LinkedIn","VKontakte","news.ycombinator.com","Other"
2019-12,66.81,7.24,12.96,8.78,2.93,0.83,0.26,0.14,0.03,0.02,0.01
2020-01,70.42,6.46,11.6,8.29,2.06,0.74,0.27,0.11,0.03,0.02,0.01
2020-02,83.45,3.89,6.63,4.56,0.84,0.41,0.12,0.08,0.02,0,0
2020-03,84.8,2.69,5.82,5.35,0.9,0.27,0.11,0.05,0.01,0,0
2020-04,85.41,3.37,4.72,4.33,1.6,0.32,0.16,0.07,0.02,0,0
2020-05,86.33,5.75,3.59,1.72,1.61,0.54,0.33,0.09,0.02,0.01,0
2020-06,82.4,7.75,2.66,4.98,1.29,0.51,0.32,0.08,0.01,0.01,0
2020-07,90.17,4.42,1.38,2.59,0.9,0.26,0.19,0.06,0,0.01,0.01
2020-08,91.48,4.75,1.41,1.15,0.73,0.25,0.16,0.06,0,0.01,0.01
2020-09,89.29,5.83,1.43,1.54,1.15,0.39,0.25,0.08,0.01,0.01,0.01
2020-10,74.98,13.87,3.62,3.76,2.35,0.68,0.48,0.19,0.02,0.03,0.03
2020-11,65.62,20.35,3.32,5.65,3.09,0.85,0.73,0.32,0.03,0.04,0.02
2020-12,76.11,15.68,2.08,3.32,1.78,0.43,0.36,0.19,0.01,0.03,0.01
