"Date","Facebook","Twitter","Pinterest","Instagram","YouTube","LinkedIn","Tumblr","reddit","VKontakte","Other"
2019-12,82.24,5.53,6.58,4.55,0.85,0.1,0.06,0.04,0.04,0.01
2020-01,81.29,5.81,5.38,6.81,0.51,0.04,0.03,0.06,0.04,0.01
2020-02,82.78,5.93,4.33,6.03,0.72,0.09,0.04,0.06,0.01,0
2020-03,82.01,6.99,4.29,5.7,0.78,0.09,0.08,0.05,0.01,0.01
2020-04,80.52,7.13,5.06,5.79,1.22,0.12,0.07,0.05,0.05,0
2020-05,88.62,3.1,5.56,0.97,1.41,0.1,0.07,0.12,0.03,0.01
2020-06,86.94,4.49,6.11,0.48,1.57,0.15,0.13,0.08,0.04,0.01
2020-07,86.16,6.42,4.62,0.67,1.67,0.18,0.15,0.08,0.03,0.02
2020-08,87.04,6.24,4.31,0.9,1.06,0.26,0.11,0.07,0.01,0.01
2020-09,82.57,6.72,7.83,1.05,1.31,0.31,0.08,0.05,0,0.08
2020-10,83.63,5.56,6.49,1,2.1,0.56,0.45,0.15,0.03,0.02
2020-11,80.74,7.43,7.51,1.76,1.82,0.28,0.15,0.23,0.02,0.06
2020-12,75.35,6.4,14.64,1.45,1.62,0.29,0.08,0.14,0.01,0.03
