"Date","Facebook","Pinterest","YouTube","Twitter","Instagram","LinkedIn","Tumblr","reddit","VKontakte","Other"
2019-12,58.68,25.44,7.47,6.16,1.72,0.2,0.09,0.11,0.13,0.01
2020-01,56.09,29.29,7.1,5.17,1.97,0.1,0.1,0.1,0.07,0
2020-02,56.03,26.84,8.37,6.27,1.93,0.16,0.23,0.13,0.06,0
2020-03,64.02,20.43,8.07,4.87,2.32,0.09,0.13,0.05,0.03,0
2020-04,52.25,27.85,9.38,7.79,2.19,0.14,0.2,0.09,0.1,0.01
2020-05,56.68,23.59,13.7,5.23,0.18,0.07,0.3,0.2,0.05,0.01
2020-06,62.94,19.16,12.01,4.77,0.14,0.38,0.21,0.2,0.16,0.02
2020-07,66.36,18.03,10.31,4.19,0.16,0.43,0.3,0.13,0.08,0
2020-08,61.12,24.13,9.97,3.74,0.24,0.28,0.15,0.15,0.21,0.01
2020-09,57.09,27.62,10.58,3.35,0.4,0.45,0.2,0.27,0.04,0
2020-10,69.34,23.65,4.62,1.6,0.12,0.44,0.11,0.1,0.03,0
2020-11,60.82,24.76,8.69,4.51,0.19,0.54,0.17,0.2,0.1,0.03
2020-12,64.97,21.47,7.55,4.78,0.22,0.42,0.33,0.16,0.08,0
