"Date","Facebook","Pinterest","Instagram","YouTube","Twitter","Tumblr","reddit","LinkedIn","Other"
2019-12,72.3,10.87,7.17,5.14,4.2,0.13,0.09,0.07,0.03
2020-01,74.57,10.2,6.76,3.18,5.02,0.15,0.06,0.02,0.04
2020-02,73.36,11.19,7.92,2.53,4.24,0.11,0.44,0.16,0.06
2020-03,82.99,6.04,5.23,2.42,3.14,0.14,0.01,0.03,0
2020-04,80.46,5.25,7.46,2.29,4.43,0.05,0.02,0,0.02
2020-05,88.13,7.49,0.32,3.21,0.66,0.15,0.03,0.01,0.01
2020-06,72.7,20.55,0.29,4.77,1.2,0.37,0.09,0.02,0
2020-07,87.06,8.63,0.34,2.85,0.88,0.2,0.03,0.01,0.01
2020-08,89.26,7.04,0.55,2.42,0.5,0.18,0.03,0.03,0
2020-09,83.34,11.09,0.39,4.14,0.67,0.19,0.15,0.02,0
2020-10,85.92,10.21,0.48,2.48,0.72,0.13,0.04,0.01,0.02
2020-11,83.46,9.51,0.51,2.86,3.45,0.08,0.11,0.01,0.02
2020-12,85.1,10.24,0.5,2.14,1.92,0.02,0.04,0.02,0.01
