"Date","Facebook","Twitter","Pinterest","Instagram","YouTube","LinkedIn","Tumblr","reddit","VKontakte","Other"
2019-12,49.8,24.38,11.82,11.26,2.19,0.36,0.09,0.07,0.03,0.01
2020-01,49.22,26.8,11.7,10.04,1.86,0.22,0.08,0.06,0.03,0.01
2020-02,51.31,24.07,11.64,10.94,1.6,0.28,0.08,0.05,0.02,0.01
2020-03,47.81,27.13,11.18,11.68,1.76,0.22,0.07,0.04,0.11,0.01
2020-04,46.98,30.4,8.53,11.43,2.25,0.2,0.07,0.06,0.07,0.01
2020-05,56.89,20.58,15.16,2.91,3.67,0.39,0.15,0.13,0.09,0.01
2020-06,59.57,24.54,10.81,1.83,2.55,0.34,0.19,0.08,0.05,0.03
2020-07,64.66,16.62,13,2.14,2.9,0.36,0.13,0.1,0.06,0.02
2020-08,64.17,17.73,12.38,2.11,2.98,0.31,0.09,0.09,0.14,0.01
2020-09,55.85,20.75,13.33,5.53,3.76,0.36,0.12,0.1,0.16,0.03
2020-10,55.13,22.01,11.03,6.89,4.4,0.23,0.09,0.08,0.13,0.01
2020-11,42.89,39.88,9.77,3.18,3.67,0.33,0.08,0.08,0.1,0.02
2020-12,45.46,35.17,8.88,5.37,4.61,0.3,0.06,0.1,0.03,0.02
