"Date","Facebook","Pinterest","Twitter","Instagram","YouTube","Tumblr","reddit","LinkedIn","VKontakte","Other"
2019-12,63.71,10.73,9.38,12.49,2.62,0.67,0.13,0.1,0.07,0.09
2020-01,56.73,13.41,10.7,15.65,2.38,0.69,0.22,0.11,0.06,0.04
2020-02,58.95,13.15,10.45,14.01,2.4,0.66,0.2,0.1,0.07,0.01
2020-03,71.78,6.82,8.69,10.01,2.12,0.32,0.12,0.08,0.04,0.01
2020-04,69.05,8.06,9.84,9.25,2.96,0.45,0.18,0.1,0.1,0.01
2020-05,80.77,10.33,2.87,1.83,2.97,0.63,0.29,0.12,0.17,0.01
2020-06,82.83,9.11,2.85,1.62,2.47,0.54,0.26,0.11,0.2,0.01
2020-07,82.71,8.57,3.93,1.56,2.26,0.49,0.23,0.14,0.09,0.02
2020-08,84.74,8.32,3.07,1.18,1.92,0.43,0.17,0.13,0.03,0.01
2020-09,81.78,9.89,3.27,1.55,2.59,0.49,0.21,0.16,0.04,0.02
2020-10,82.85,9.44,3.23,1.32,2.32,0.39,0.19,0.19,0.04,0.02
2020-11,79.94,10.76,4.46,1.43,2.48,0.44,0.24,0.17,0.05,0.02
2020-12,78.01,11.89,4.92,1.73,2.57,0.41,0.25,0.15,0.06,0.02
