"Date","Facebook","Twitter","Pinterest","Instagram","YouTube","reddit","LinkedIn","Tumblr","VKontakte","news.ycombinator.com","Other"
2019-12,47.01,23.44,16.45,9.83,1.22,0.96,0.58,0.45,0.01,0.04,0
2020-01,51.03,24.36,13.71,8.58,1.01,0.49,0.37,0.43,0.01,0.01,0
2020-02,57.35,20.15,11.57,8.99,0.99,0.49,0.13,0.3,0.03,0,0
2020-03,78.77,11.17,4.29,4.95,0.41,0.09,0.15,0.15,0.01,0.01,0
2020-04,72.79,11.8,9.27,5.07,0.53,0.21,0.14,0.12,0.05,0.01,0
2020-05,83.29,5.08,9.99,0.26,0.55,0.33,0.26,0.22,0.01,0,0
2020-06,82.3,8.07,7.64,0.24,0.49,0.32,0.5,0.43,0,0.01,0
2020-07,80.06,7.72,10.23,0.42,0.61,0.42,0.22,0.32,0,0.01,0
2020-08,83.66,7.68,6.69,0.46,0.62,0.31,0.26,0.31,0,0,0.01
2020-09,87.76,5.81,4.96,0.34,0.48,0.13,0.24,0.25,0.01,0.03,0
2020-10,81.92,7.69,8.58,0.32,0.55,0.51,0.25,0.16,0,0.01,0.01
2020-11,71.84,14.49,11.85,0.42,0.56,0.28,0.24,0.28,0.01,0.03,0
2020-12,74.01,12.49,11.65,0.52,0.68,0.32,0.18,0.13,0,0.02,0
