"Date","Facebook","Pinterest","Twitter","Instagram","YouTube","Tumblr","LinkedIn","reddit","VKontakte","Other"
2019-12,51.26,12.61,22.33,12.25,1.01,0.18,0.15,0.18,0.02,0.02
2020-01,53.59,12.38,19.87,12.95,0.72,0.19,0.18,0.09,0.03,0
2020-02,51.75,12.28,19.81,15.22,0.69,0.11,0.09,0.03,0,0.03
2020-03,43.55,11.78,22.79,19.89,1.55,0.2,0.15,0.09,0,0
2020-04,43.12,12.08,23.37,18.74,2.13,0.24,0.22,0.1,0,0
2020-05,66.46,20.74,5.99,3.32,2.57,0.4,0.1,0.4,0.02,0
2020-06,71.63,17.61,4.47,1.69,2.72,1.24,0.17,0.48,0,0
2020-07,65.79,21.79,5.97,0.91,4.27,0.64,0.42,0.21,0,0
2020-08,60.37,30.17,4.5,0.89,3.3,0.22,0.41,0.03,0.11,0
2020-09,68.51,20.36,5.5,1.12,3.63,0.24,0.34,0.31,0,0
2020-10,66.19,19.35,8.68,0.53,4.43,0.43,0.11,0.25,0,0.04
2020-11,52.87,22.22,18.55,1.18,4.09,0.55,0.34,0.13,0.04,0.04
2020-12,60.96,20.31,13.44,1.7,2.71,0.3,0.25,0.21,0,0.13
