"Date","Facebook","Pinterest","YouTube","Twitter","Instagram","LinkedIn","Tumblr","VKontakte","reddit","Other"
2019-12,60.67,21.06,4.98,5.83,7.2,0.08,0.04,0.09,0.04,0.01
2020-01,46.96,31.56,6.99,7.23,7.07,0.07,0.05,0.02,0.04,0
2020-02,49.75,27.57,7.38,7.4,7.57,0.13,0.09,0.01,0.08,0.01
2020-03,59.38,17.51,6.69,7.43,8.86,0.04,0.07,0.02,0.01,0
2020-04,56.89,17.02,8.07,9.04,8.45,0.21,0.13,0.14,0.03,0.01
2020-05,61.84,22.64,9.87,4.54,0.67,0.16,0.1,0.11,0.08,0
2020-06,63.28,21.13,9.46,5.35,0.43,0.08,0.1,0.06,0.08,0.03
2020-07,73.37,15.34,6.35,2.77,1.92,0.08,0.04,0.04,0.07,0.02
2020-08,80.32,9.18,3.93,1.16,5.19,0.12,0.06,0.01,0.03,0
2020-09,71.77,16.9,7.29,2.34,1.23,0.22,0.09,0.06,0.1,0
2020-10,80.68,12.32,4.51,1.93,0.32,0.12,0.09,0.02,0.01,0
2020-11,82.76,10.19,3.75,2.9,0.24,0.08,0.03,0.03,0.01,0
2020-12,81.3,10.52,4.32,3.42,0.3,0.1,0.01,0.02,0.01,0
