"Date","Facebook","Pinterest","Twitter","Instagram","YouTube","Tumblr","LinkedIn","reddit","VKontakte","Other"
2019-12,47.78,29.12,15.86,5.13,1.52,0.46,0.02,0.09,0.02,0
2020-01,43.83,31.92,15.96,5.73,2.13,0.25,0.14,0.04,0,0
2020-02,52.66,26.91,13.24,5.13,1.37,0.17,0.43,0.02,0.07,0
2020-03,66.14,20.73,7.78,3.86,1.19,0.05,0.15,0.03,0.08,0
2020-04,42.36,26.23,21.15,6.92,2.62,0.44,0.13,0.1,0.04,0
2020-05,42.24,29.1,25.2,0.44,2.34,0.34,0.17,0.07,0.1,0
2020-06,56.71,27.51,11.73,0.39,2.76,0.32,0.26,0.11,0.18,0.03
2020-07,52.3,30.02,12.78,0.78,3.34,0.48,0.06,0.06,0.15,0.03
2020-08,51.5,29.81,14.35,0.59,2.75,0.56,0.12,0.22,0.12,0
2020-09,52.42,32.21,10.18,1.01,2.45,0.61,0.28,0.37,0.43,0.03
2020-10,59.11,24.85,12.76,0.67,1.99,0.23,0.18,0.13,0.05,0.03
2020-11,61.64,19.98,15.14,0.85,1.95,0.26,0.06,0.06,0.06,0
2020-12,60.96,23.93,11.88,0.54,2.38,0.07,0.07,0.17,0,0
