"Date","Facebook","YouTube","Pinterest","Twitter","Instagram","Tumblr","reddit","LinkedIn","VKontakte","Other"
2019-12,60.11,8.32,13.59,9.07,8.66,0.15,0.06,0.04,0.01,0
2020-01,72.76,5.22,9.33,6.35,6.21,0.06,0.03,0.03,0.01,0
2020-02,64.93,5.69,10.42,8.14,10.17,0.58,0.02,0.04,0.01,0
2020-03,62.76,7.73,8.75,11.12,9.49,0.07,0.04,0.03,0.02,0
2020-04,59.2,11.88,9.2,12.42,7,0.16,0.07,0.02,0.04,0
2020-05,62.18,25.05,10.1,2.15,0.26,0.13,0.07,0.03,0.01,0
2020-06,59.47,26.77,9.71,3.68,0.19,0.11,0.04,0.02,0.01,0.01
2020-07,56.08,31.31,10.39,1.73,0.26,0.12,0.06,0.04,0,0
2020-08,79.01,9.12,9.39,1.78,0.48,0.13,0.05,0.02,0,0
2020-09,68.86,13.41,14.42,2,1.02,0.19,0.06,0.03,0,0
2020-10,64.55,18.01,14.55,2.31,0.41,0.07,0.06,0.04,0.01,0
2020-11,66.85,18.19,11.09,3.24,0.43,0.06,0.1,0.03,0.01,0.01
2020-12,68.01,13.88,14.91,2.65,0.38,0.05,0.06,0.05,0,0
