"Date","Facebook","Twitter","Pinterest","Instagram","YouTube","LinkedIn","Tumblr","reddit","VKontakte","Other"
2019-12,40.3,25.88,18.82,10.42,4.27,0.09,0.08,0.08,0.03,0.01
2020-01,39.15,25.69,19.88,10.73,4.16,0.11,0.09,0.13,0.03,0.02
2020-02,46.61,21.33,18.17,10.3,3.22,0.09,0.1,0.12,0.04,0.02
2020-03,43.73,25.84,15.31,11.17,3.71,0.1,0.06,0.06,0.03,0
2020-04,42.96,29.38,12.6,10.15,4.49,0.11,0.11,0.11,0.09,0.01
2020-05,49.57,19.15,21.04,1.28,8.17,0.28,0.2,0.16,0.14,0.01
2020-06,58.31,14.6,18.59,0.91,6.78,0.22,0.31,0.2,0.07,0.01
2020-07,58.37,15.08,18.77,1.01,6.17,0.15,0.2,0.17,0.05,0.02
2020-08,58.17,15.24,18.33,1.73,6,0.17,0.15,0.14,0.07,0.01
2020-09,49.25,25.71,17.29,1.26,5.85,0.18,0.19,0.12,0.13,0.01
2020-10,52.49,20.52,19.09,1.01,6.26,0.17,0.15,0.15,0.15,0.03
2020-11,54.26,23.25,15.81,1.02,5,0.25,0.13,0.11,0.15,0.02
2020-12,58.55,21.52,13.73,0.94,4.91,0.12,0.07,0.11,0.03,0.01
