"Date","Facebook","Twitter","YouTube","Pinterest","VKontakte","Instagram","reddit","Google+","LinkedIn","Tumblr","Other"
2019-12,63.48,20.41,10.78,1.94,2.09,0.4,0.12,0.73,0.01,0.03,0
2020-01,61.76,22.26,11.22,2.06,1.89,0.44,0.07,0.26,0.01,0.03,0
2020-02,57.72,25.76,11.54,2.44,1.57,0.79,0.11,0.03,0.01,0.03,0
2020-03,49.64,28.65,16.66,1.99,2.1,0.79,0.12,0,0.01,0.04,0
2020-04,44.48,29.94,21.45,2.01,1.38,0.58,0.1,0,0.02,0.05,0
2020-05,58.76,21.14,15.12,3.14,1.3,0.3,0.14,0,0.02,0.06,0
2020-06,72.18,16.2,6.13,4.03,1.06,0.16,0.14,0,0.03,0.07,0
2020-07,72.74,17.05,4.59,3.86,1.27,0.15,0.14,0,0.13,0.07,0
2020-08,70.64,16.53,5.66,5.2,1.21,0.22,0.18,0,0.3,0.06,0
2020-09,65.62,19.27,6.31,6.76,1.32,0.19,0.13,0,0.32,0.08,0
2020-10,58.86,23.49,7.86,7.56,1.34,0.31,0.23,0,0.27,0.07,0
2020-11,60.61,23.03,7.07,4.32,1.5,0.26,2.79,0,0.32,0.08,0.01
2020-12,68.49,14.11,6.09,5.11,1.5,0.2,4.12,0,0.29,0.07,0.01
