"Date","Facebook","Pinterest","YouTube","Instagram","Twitter","LinkedIn","Tumblr","reddit","VKontakte","Other"
2019-12,45.02,22.3,20.51,5.45,6.3,0.34,0,0,0.09,0
2020-01,47.66,28.44,11.04,5.63,7.24,0,0,0,0,0
2020-02,58.52,17.39,11.9,6.41,5.7,0.07,0,0,0,0
2020-03,66.94,13.61,10.61,4.27,4.52,0.05,0,0,0,0
2020-04,56.59,8.57,14.49,14.43,5.76,0.1,0,0,0.05,0
2020-05,65.35,16.9,14.35,0.61,2.3,0.18,0.12,0.18,0,0
2020-06,61.99,13.58,20.03,1.23,3.02,0,0.1,0,0.05,0
2020-07,65.89,13.58,16.71,1.2,2.45,0.06,0,0.11,0,0
2020-08,73.3,9.8,12.1,1.9,2.7,0.2,0,0,0,0
2020-09,71.9,13.14,10.05,2.16,2.39,0.18,0.06,0.06,0,0.06
2020-10,73.65,10.88,11.52,1.95,1.95,0.05,0,0,0,0
2020-11,68.28,11.5,15.05,1.68,3.3,0.12,0,0,0.06,0
2020-12,72.19,9.33,12.77,2.27,2.58,0.18,0.55,0.12,0,0
