"Date","Facebook","Pinterest","Twitter","Instagram","YouTube","Tumblr","reddit","VKontakte","LinkedIn","Other"
2019-12,50.87,24.71,8.21,9.95,5.91,0.18,0.13,0,0.02,0.01
2020-01,45.73,28.76,9.87,12.26,2.75,0.19,0.08,0.31,0.04,0.01
2020-02,45.87,26.46,10.14,13.98,2.83,0.21,0.21,0.25,0.03,0.01
2020-03,52.54,20.06,9.89,14.1,3.05,0.12,0.15,0.04,0.04,0.02
2020-04,47.59,23.75,9.95,13.04,5.1,0.26,0.14,0.1,0.06,0
2020-05,64.9,23.51,2.14,1.32,7.19,0.42,0.26,0.2,0.05,0.01
2020-06,59.96,29.37,2.35,0.49,6.55,0.79,0.3,0.12,0.07,0
2020-07,63.45,24.53,2.79,0.5,8.12,0.29,0.23,0.01,0.07,0
2020-08,66.25,26.25,3.22,0.43,3.26,0.32,0.2,0,0.07,0
2020-09,60.49,29.85,3.06,1.17,4.37,0.75,0.16,0.01,0.13,0.01
2020-10,64.73,26.99,3.65,0.46,3.43,0.33,0.29,0.02,0.1,0
2020-11,66.02,23.99,5.19,0.73,3.42,0.26,0.23,0.02,0.14,0.01
2020-12,64.15,28.85,3.29,0.56,2.69,0.15,0.2,0,0.11,0.01
