"Date","Facebook","Pinterest","Twitter","Instagram","YouTube","VKontakte","Tumblr","reddit","LinkedIn","Other"
2019-12,77.77,11.61,3.58,4.2,2.35,0.02,0.17,0.19,0.1,0.01
2020-01,79.6,10.33,3.42,4.6,1.7,0.02,0.09,0.14,0.09,0
2020-02,78.51,10.91,3.54,5.05,1.67,0.03,0.15,0.06,0.07,0.01
2020-03,89.95,4.25,2.03,2.58,1.07,0.02,0.03,0.03,0.03,0
2020-04,81.19,7.74,3.48,4.28,2.75,0.33,0.09,0.07,0.06,0
2020-05,86.87,8.28,1.15,0.32,2.21,0.82,0.12,0.14,0.09,0
2020-06,89.32,7.25,0.93,0.19,1.48,0.43,0.26,0.1,0.05,0
2020-07,90.46,6.64,0.73,0.2,1.35,0.32,0.15,0.09,0.05,0
2020-08,89.34,7.64,0.79,0.39,1.29,0.25,0.12,0.08,0.08,0
2020-09,86.15,9.78,1.07,0.33,1.84,0.38,0.23,0.1,0.12,0
2020-10,88.98,8.03,1.05,0.2,1.34,0.17,0.07,0.05,0.08,0.01
2020-11,80.43,12.78,2.84,0.52,2.6,0.4,0.16,0.13,0.13,0.01
2020-12,84.79,10.53,2.02,0.38,1.82,0.17,0.07,0.09,0.12,0
