"Date","Facebook","YouTube","Twitter","Pinterest","Instagram","Tumblr","reddit","LinkedIn","VKontakte","Other"
2019-12,50.59,24.09,11.09,5.99,7.51,0.31,0.07,0.17,0.18,0
2020-01,63.23,15.56,10.48,3.51,6.83,0.12,0.05,0.09,0.14,0
2020-02,68.81,12.12,8.52,3.39,6.77,0.12,0.12,0.13,0.03,0
2020-03,71.66,10.18,9.19,2.96,5.77,0.12,0.03,0.02,0.07,0.01
2020-04,82.94,7.26,5.05,1.48,3.14,0.02,0.04,0.03,0.03,0
2020-05,77.37,14.55,4.68,2.6,0.54,0.07,0.07,0.08,0.02,0
2020-06,72.94,15.48,5.29,4.84,0.8,0.2,0.34,0.06,0.04,0.01
2020-07,77.73,13.65,3.47,4.09,0.66,0.18,0.12,0.04,0.05,0.01
2020-08,74.81,14.2,5.3,4.46,0.77,0.12,0.12,0.1,0.11,0.02
2020-09,70.56,13.26,5.3,10.11,0.5,0.05,0.11,0.07,0.03,0.01
2020-10,74.86,14.51,5.08,4.61,0.62,0.05,0.09,0.14,0.04,0
2020-11,70.94,15.02,6.2,6.73,0.86,0.01,0.07,0.12,0.04,0.01
2020-12,78.55,12.67,4.22,3.76,0.6,0.02,0.12,0.04,0.02,0
