"Date","Facebook","Pinterest","Instagram","Twitter","YouTube","Tumblr","reddit","VKontakte","LinkedIn","Other"
2019-12,46.56,21.87,17.91,10.19,2.57,0.39,0.2,0.25,0.05,0.01
2020-01,45.63,23.06,17.3,10.33,2.69,0.43,0.17,0.31,0.06,0
2020-02,40.78,23.88,19.14,12.33,2.94,0.41,0.17,0.25,0.09,0.01
2020-03,34.7,22.24,22.15,16.26,3.94,0.32,0.15,0.13,0.12,0
2020-04,36.43,22.01,20.59,15.67,4.42,0.43,0.26,0.12,0.06,0.01
2020-05,54.92,34.75,1.59,2.67,4.6,0.85,0.38,0.15,0.08,0.01
2020-06,61.34,29.67,0.94,2.78,3.59,1.13,0.41,0.07,0.07,0.01
2020-07,60.57,29.28,1.05,3.25,4.66,0.74,0.31,0.06,0.07,0.01
2020-08,66.99,24.49,1,2.97,3.34,0.87,0.24,0.04,0.05,0.01
2020-09,59.49,29.24,1.7,3.57,4.43,1.06,0.33,0.09,0.08,0.02
2020-10,54.28,34.61,1.71,4.28,3.76,0.77,0.42,0.1,0.08,0
2020-11,53.29,33.5,1.66,6.11,4.22,0.66,0.34,0.13,0.06,0.02
2020-12,58.23,31.11,1.46,4.73,3.6,0.41,0.31,0.05,0.08,0.01
