"Date","Facebook","Pinterest","Twitter","Instagram","YouTube","Tumblr","VKontakte","reddit","LinkedIn","news.ycombinator.com","Other"
2019-12,61.35,15.24,11.14,6.79,2.9,1.25,0.57,0.41,0.29,0.05,0.01
2020-01,59.63,14.23,12.38,8.82,2.63,0.93,0.6,0.43,0.26,0.05,0.03
2020-02,54.54,19,11.96,9.29,2.72,1.04,0.72,0.44,0.26,0.01,0.02
2020-03,64.95,12.03,11.48,7.27,2.72,0.61,0.47,0.27,0.19,0.02,0.01
2020-04,57.3,14.54,15.08,7.6,3.24,0.91,0.54,0.56,0.16,0.04,0.03
2020-05,63.34,16.91,11.58,2.27,3.09,1.09,0.7,0.82,0.12,0.07,0.02
2020-06,58.25,17.52,16.24,1.44,3.35,1.43,0.66,0.86,0.21,0.05,0
2020-07,63.42,12.6,15.16,2.2,3.27,1.24,0.64,0.86,0.5,0.11,0
2020-08,61.12,15.77,13.77,3.07,3.39,1.03,0.6,0.82,0.38,0.05,0
2020-09,65.46,14.24,13.02,1.97,2.73,0.79,0.57,0.68,0.47,0.07,0
2020-10,59.77,18.64,14.03,2.1,2.84,0.89,0.64,0.71,0.28,0.09,0
2020-11,60.16,16.04,15.58,2.23,2.92,1.11,0.69,0.82,0.38,0.07,0.01
2020-12,65.63,13.81,12.97,2.78,2.69,0.58,0.48,0.62,0.35,0.09,0
