"Date","YouTube","Facebook","Twitter","Pinterest","Instagram","reddit","LinkedIn","Tumblr","VKontakte","news.ycombinator.com"
2019-12,13.46,22.8,20.6,4.12,11.95,9.75,9.62,7.28,0.41,0
2020-01,14.04,39.96,36.18,4.1,2.27,2.16,1.19,0,0.11,0
2020-02,63.64,0.51,1.52,29.8,3.03,0,0,0,1.52,0
2020-03,88.13,0.72,0.72,10.07,0.36,0,0,0,0,0
2020-04,79.44,1.87,0.93,9.35,5.61,0,0,0.93,1.87,0
2020-05,51.28,0,10.26,28.21,2.56,0,0,2.56,5.13,0
2020-06,84.48,1.72,0,10.34,0,0,0,0,3.45,0
2020-07,82.47,0.65,1.3,11.69,1.3,0,1.3,1.3,0,0
2020-08,77.42,0,1.61,20.97,0,0,0,0,0,0
2020-09,58.82,2.94,0,26.47,2.94,0,2.94,0,5.88,0
2020-10,44.68,14.89,2.13,34.04,2.13,0,0,0,2.13,0
2020-11,62.26,5.66,0,15.09,1.89,0,0,0,0,15.09
2020-12,51.35,5.41,13.51,24.32,2.7,0,0,0,2.7,0
