"Date","Facebook","Pinterest","Twitter","YouTube","Instagram","Tumblr","reddit","LinkedIn","VKontakte","news.ycombinator.com","Other"
2019-12,63.3,11.98,7.19,7.34,9.08,0.38,0.25,0.2,0.23,0.03,0.01
2020-01,63.24,12.05,8.41,5.28,10.08,0.33,0.24,0.17,0.18,0.03,0.01
2020-02,57.36,15.28,9.54,4.66,12.05,0.37,0.27,0.19,0.24,0.02,0.01
2020-03,62.31,10.67,9.58,5.05,11.53,0.3,0.2,0.15,0.17,0.02,0.01
2020-04,62.87,10.42,9.02,6.38,10.31,0.46,0.29,0.12,0.11,0.02,0
2020-05,75.85,10.95,2.51,8.16,1.29,0.5,0.47,0.13,0.1,0.03,0
2020-06,78.12,9.97,2.86,5.38,1.53,0.49,1.31,0.2,0.12,0.02,0
2020-07,85.83,6.66,2.13,3.34,1.31,0.27,0.23,0.13,0.07,0.03,0
2020-08,86.47,6.37,2.12,3.18,1.18,0.27,0.2,0.12,0.07,0.02,0
2020-09,80.33,8.8,3.49,4.68,1.72,0.44,0.28,0.18,0.07,0.02,0
2020-10,73.8,11.05,5.77,5.94,2.26,0.42,0.35,0.25,0.11,0.03,0
2020-11,67.71,12.11,9.33,6.39,2.93,0.46,0.54,0.35,0.12,0.05,0.01
2020-12,65.43,14.19,8.28,7.55,3.07,0.41,0.52,0.34,0.12,0.08,0.01
