"Date","Facebook","Twitter","Pinterest","Instagram","YouTube","Tumblr","reddit","LinkedIn","news.ycombinator.com","VKontakte","Other"
2019-12,46.21,24.09,20.12,6.68,1.27,0.76,0.52,0.31,0.04,0,0
2020-01,43,30.37,15.48,8.83,0.94,0.55,0.57,0.16,0.02,0.07,0.01
2020-02,46.99,26.21,14.94,9.15,0.82,0.73,0.93,0.12,0.01,0.07,0.01
2020-03,50.29,26.96,8.73,12.04,0.92,0.47,0.28,0.28,0.04,0.01,0
2020-04,48.49,30.25,11.24,7.66,1.18,0.47,0.43,0.27,0.01,0.01,0
2020-05,60.31,14.76,20.79,0.52,0.98,1.25,0.88,0.51,0,0,0
2020-06,56.12,22.47,17.36,0.4,1.36,1.12,0.57,0.52,0.07,0,0
2020-07,64.97,18.21,13.64,0.32,0.89,0.78,0.61,0.52,0.02,0.03,0
2020-08,58.88,20.14,16.68,0.75,1.27,1.24,0.45,0.59,0,0,0
2020-09,45.61,21.4,28.91,0.4,0.96,1.51,0.38,0.81,0.03,0,0
2020-10,49.2,21.94,23.65,0.43,1.88,1.49,0.73,0.65,0.03,0,0
2020-11,41.26,19.04,36.73,0.29,1.09,0.71,0.71,0.18,0,0,0
2020-12,54.3,23.05,18.63,0.67,1.09,0.92,0.72,0.52,0.07,0.02,0
