"Date","Facebook","Instagram","Twitter","Pinterest","YouTube","Tumblr","reddit","LinkedIn","VKontakte","Other"
2019-12,83.72,5.61,4.01,4.66,1.53,0.24,0.11,0.06,0.04,0.01
2020-01,78.64,11.7,4.27,3.67,1.32,0.19,0.08,0.09,0.04,0.01
2020-02,84.44,7.17,3.55,3.31,1.18,0.17,0.08,0.04,0.04,0
2020-03,93.91,2.54,1.85,1.09,0.51,0.05,0.03,0.01,0,0
2020-04,90.45,3.01,2.95,2.27,1.05,0.12,0.07,0.06,0.01,0
2020-05,89.97,0.91,3.84,3.27,1.49,0.24,0.22,0.06,0.01,0.01
2020-06,90.13,1.71,3.53,2.87,1.28,0.21,0.22,0.04,0.01,0
2020-07,93.93,1.3,2.62,1.3,0.62,0.09,0.11,0.03,0,0
2020-08,91.57,2.7,2.34,1.98,1.1,0.15,0.1,0.05,0.01,0
2020-09,91.68,1.98,2.47,2.51,1.03,0.17,0.1,0.05,0.01,0.01
2020-10,92.62,1.44,2.28,2.47,0.88,0.12,0.08,0.07,0.03,0.01
2020-11,89.72,0.96,3.78,3.66,1.5,0.17,0.13,0.07,0.01,0.01
2020-12,85.1,1.51,5.6,5.85,1.47,0.21,0.16,0.06,0.02,0.02
