"Date","Facebook","Instagram","Twitter","YouTube","Pinterest","Tumblr","reddit","LinkedIn","VKontakte","Other"
2019-12,43.52,24.38,15.64,5.66,10.3,0.33,0.08,0.06,0.02,0
2020-01,41.09,26.67,16.87,4.86,10.06,0.28,0.07,0.08,0.01,0.01
2020-02,44.8,27.31,15.2,4.35,7.93,0.29,0.06,0.05,0.01,0
2020-03,48.62,22.67,17.01,5.11,6.2,0.24,0.08,0.05,0.01,0
2020-04,50.62,18.74,16.22,6.71,7.07,0.33,0.24,0.07,0.02,0
2020-05,69.75,4.62,2.43,11.86,10.57,0.52,0.17,0.07,0.01,0
2020-06,72.52,2.31,2.78,13.03,8.78,0.36,0.14,0.07,0.01,0
2020-07,68.69,3.73,2.42,15.66,8.86,0.37,0.18,0.1,0.01,0.01
2020-08,77.43,4.32,2.69,6.67,8.16,0.37,0.19,0.16,0,0
2020-09,68.64,5.42,3.23,10.61,11.24,0.48,0.21,0.13,0.01,0.01
2020-10,65.85,3.48,3.23,16.11,10.49,0.4,0.27,0.14,0.01,0.01
2020-11,64.06,4.75,4.88,16.01,9.42,0.41,0.33,0.12,0.01,0.01
2020-12,67.06,4.92,5.3,11.92,9.98,0.37,0.28,0.14,0.01,0.02
