"Date","Facebook","Pinterest","Twitter","YouTube","Instagram","LinkedIn","Tumblr","reddit","VKontakte","Other"
2019-12,80.97,8.16,5.28,1.23,3.38,0.69,0.13,0.11,0.04,0.01
2020-01,70.68,11.76,9.18,1.81,5.46,0.62,0.28,0.14,0.04,0.02
2020-02,69.31,10.81,11.45,1.84,5.79,0.19,0.4,0.11,0.08,0.01
2020-03,60.81,12.57,13.08,4.33,8.55,0.19,0.23,0.18,0.06,0
2020-04,51.87,19.15,14.21,6.09,7.85,0.18,0.31,0.3,0.04,0
2020-05,77.84,12.75,4.47,3.5,0.54,0.09,0.41,0.37,0.02,0
2020-06,80.3,9.93,4.74,2.85,0.55,0.14,1.09,0.33,0.07,0
2020-07,80.11,12.24,3.32,3.11,0.34,0.16,0.49,0.22,0.01,0
2020-08,72.91,15.75,4.75,3.63,0.66,0.18,0.4,0.36,1.34,0.02
2020-09,74.3,14.04,5.62,3.39,0.73,1.21,0.29,0.29,0.14,0
2020-10,83.96,7.41,5.19,2.17,0.51,0.29,0.26,0.18,0.02,0
2020-11,77.82,9.52,8.31,2.42,1,0.45,0.25,0.2,0.03,0
2020-12,74.35,13.63,7.65,2.22,0.76,0.81,0.06,0.5,0.01,0.01
