"Date","Facebook","Pinterest","Instagram","Twitter","YouTube","Tumblr","reddit","LinkedIn","VKontakte","Other"
2019-12,95.4,1.82,0.97,0.99,0.58,0.11,0.07,0.03,0.03,0.01
2020-01,93.99,1.89,1.32,1.25,1.29,0.11,0.09,0.03,0.02,0.01
2020-02,92.99,2.18,1.74,1.27,1.52,0.14,0.08,0.05,0.05,0
2020-03,93,1.77,2.43,1.58,1.01,0.09,0.07,0.02,0.02,0
2020-04,94.1,1.89,1.68,1.32,0.76,0.11,0.08,0.02,0.03,0.01
2020-05,96.25,2,0.23,0.39,0.83,0.14,0.11,0.02,0.02,0.01
2020-06,97.11,1.53,0.17,0.4,0.54,0.11,0.08,0.05,0.01,0.01
2020-07,97.23,1.43,0.22,0.44,0.47,0.09,0.08,0.03,0.01,0.01
2020-08,96.82,1.57,0.34,0.47,0.59,0.09,0.07,0.03,0.02,0.01
2020-09,97.33,1.44,0.28,0.36,0.42,0.07,0.06,0.02,0.01,0.01
2020-10,97.35,1.42,0.26,0.37,0.43,0.06,0.06,0.03,0.01,0.01
2020-11,97.27,1.41,0.23,0.35,0.58,0.06,0.06,0.03,0.01,0.01
2020-12,96.96,1.69,0.28,0.41,0.5,0.07,0.07,0.02,0.01,0.01
