"Date","Facebook","Pinterest","Twitter","Instagram","YouTube","reddit","Tumblr","LinkedIn","Other"
2019-12,93.61,2.72,1.74,1.4,0.38,0.06,0.06,0.01,0.02
2020-01,92.76,2.74,3.01,1.14,0.21,0.05,0.08,0.02,0
2020-02,92.56,2.79,2.42,1.85,0.28,0.05,0.04,0.01,0.01
2020-03,95.02,1.87,1.73,1.08,0.23,0.03,0.03,0.01,0.01
2020-04,93.35,2.47,2.32,1.31,0.4,0.07,0.06,0.01,0.01
2020-05,93.26,5.79,0.21,0.05,0.46,0.15,0.06,0.01,0.02
2020-06,98.05,1.3,0.23,0.03,0.22,0.09,0.06,0.01,0
2020-07,95.32,3.41,0.62,0.05,0.4,0.09,0.08,0.01,0.02
2020-08,97.13,1.9,0.41,0.05,0.29,0.1,0.11,0.01,0.01
2020-09,97,1.96,0.42,0.03,0.38,0.06,0.11,0.02,0.01
2020-10,97.65,1.63,0.38,0.07,0.17,0.06,0.04,0,0
2020-11,97.21,1.73,0.64,0.06,0.21,0.07,0.05,0,0.02
2020-12,96.87,1.99,0.61,0.21,0.18,0.05,0.05,0.02,0.02
