"Date","Facebook","Pinterest","Instagram","YouTube","Twitter","LinkedIn","reddit","Tumblr","Other"
2019-12,84.45,4.91,4.1,2.65,3.7,0.07,0.09,0.02,0.01
2020-01,86.72,4.99,3.48,2.26,2.43,0.05,0.02,0.03,0.01
2020-02,89.87,3.82,3.22,1.6,1.41,0.03,0.02,0.03,0.01
2020-03,91.11,2.7,3.58,1.09,1.47,0.02,0,0.01,0.01
2020-04,83.42,4.96,5.11,2.92,3.33,0.15,0.07,0.04,0.01
2020-05,88.51,5.07,2.75,2.57,0.94,0.05,0.05,0.06,0
2020-06,89.25,5.56,1.49,1.82,1.75,0.04,0.04,0.05,0
2020-07,92.08,4.13,1.38,1.52,0.8,0.03,0.03,0.03,0
2020-08,93.19,3.66,0.81,1.09,1.18,0.04,0.02,0.02,0
2020-09,90.9,5.02,1.25,1.62,1.09,0.05,0.03,0.03,0.01
2020-10,91.27,5.31,0.92,1.39,0.96,0.08,0.03,0.02,0.01
2020-11,92.63,4.13,1.01,0.95,1.19,0.05,0.03,0.02,0
2020-12,94.55,2.66,1.26,0.73,0.75,0.02,0.01,0.01,0
