"Date","Facebook","Pinterest","YouTube","Twitter","Instagram","Tumblr","LinkedIn","reddit","VKontakte","Other"
2019-12,86.7,3.18,2.57,3.57,3.78,0.04,0.09,0.05,0.02,0
2020-01,85.22,4.14,2.48,3.1,4.82,0.07,0.07,0.07,0.02,0.01
2020-02,88.7,3.57,1.61,2.21,3.83,0.03,0.03,0.02,0,0
2020-03,81.96,5.16,2.69,4.8,5.22,0.07,0.06,0.02,0.01,0.01
2020-04,69.46,8.09,5.46,8.56,8.06,0.18,0.07,0.08,0.03,0.01
2020-05,74.8,14.34,8.13,1.69,0.41,0.22,0.22,0.17,0.02,0.01
2020-06,62.88,23.55,9.91,2.44,0.49,0.32,0.19,0.2,0.01,0.01
2020-07,73.16,16.58,7.4,2.05,0.34,0.25,0.13,0.08,0,0.01
2020-08,76.75,14.16,6.06,1.82,0.38,0.16,0.12,0.09,0.45,0.01
2020-09,75.18,14.97,7.27,1.6,0.44,0.15,0.17,0.08,0.14,0
2020-10,80.2,13,4.74,1.4,0.35,0.09,0.06,0.15,0,0
2020-11,80.64,11.41,4.85,2.12,0.52,0.14,0.25,0.06,0.01,0.01
2020-12,80.09,12.16,4.36,2.37,0.72,0.09,0.15,0.05,0,0.01
