"Date","Facebook","Pinterest","Twitter","Instagram","YouTube","Tumblr","VKontakte","LinkedIn","reddit","Other"
2019-12,75.55,10.45,5.91,5.54,2.32,0.21,0,0,0,0
2020-01,71.56,10.79,7.89,7.34,2.08,0.33,0,0,0,0
2020-02,70.69,15.67,5.4,6.5,1.53,0.05,0,0.05,0,0.11
2020-03,79,7.63,5.71,5.5,1.88,0.04,0.04,0.17,0.04,0
2020-04,64.4,15.94,5.73,9.26,2.46,0,1.76,0.06,0.38,0
2020-05,73.68,17.03,6.14,0.52,2.24,0.23,0.11,0.06,0,0
2020-06,71.93,14.88,7.16,0.28,5.17,0.35,0,0.14,0.07,0
2020-07,72.04,19.52,3.47,1.56,2.72,0.27,0,0.2,0.2,0
2020-08,77.51,13.47,6.02,0.75,1.88,0.31,0,0,0.06,0
2020-09,76.61,13.73,5.47,0.32,3.43,0.32,0,0.06,0.06,0
2020-10,78.03,11.67,7.06,0.57,2.11,0.11,0.06,0.23,0.17,0
2020-11,82.26,8.43,7.59,0.29,1.18,0.15,0,0.05,0.05,0
2020-12,64.07,31.62,3.39,0.32,0.55,0,0,0.05,0,0
