"Date","Facebook","Pinterest","Instagram","Twitter","YouTube","VKontakte","Tumblr","reddit","LinkedIn","Other"
2019-12,47.5,19.38,13.48,13.57,3.92,0.2,0.77,0.64,0.52,0.03
2020-01,41.41,18.99,17.78,15.09,3.88,0.2,1.32,0.84,0.46,0.05
2020-02,40.73,20.37,17.57,13.65,3.59,0.02,1.21,2.22,0.58,0.05
2020-03,51.27,13.28,18.75,13.04,2.64,0.11,0.37,0.38,0.15,0.01
2020-04,38.52,23.49,17.31,15.7,3.73,0.03,0.61,0.43,0.13,0.05
2020-05,71.24,22.35,0.46,3.04,2.24,0.04,0.36,0.22,0.04,0.02
2020-06,51.63,39.89,0.34,4.29,2.16,0,0.99,0.16,0.55,0
2020-07,58.16,31.69,1.68,3.72,3.67,0.06,0.34,0.37,0.31,0
2020-08,51.03,28.07,0.73,3.59,3.02,12.33,0.63,0.5,0.1,0
2020-09,57.13,32.22,0.93,3.21,3.74,0.77,0.85,0.65,0.41,0.08
2020-10,64.88,27.2,0.6,3.73,2.81,0.04,0.32,0.21,0.18,0.04
2020-11,47.75,44.29,0.89,4.23,2.19,0,0.24,0.18,0.24,0
2020-12,55.07,35.79,0.81,5.49,2.39,0.03,0.1,0.2,0.1,0
