"Date","VKontakte","Pinterest","Facebook","YouTube","Twitter","Instagram","Tumblr","reddit","LinkedIn","news.ycombinator.com","Vimeo","Google+","MySpace","Other"
2019-12,21.64,15.46,16.15,10.96,15.27,17.88,1.75,0.56,0.17,0.03,0.01,0.1,0,0.03
2020-01,18.02,14.95,11.76,9.52,22.94,20.14,1.73,0.64,0.25,0.03,0.01,0.01,0,0
2020-02,19.38,20.71,11.17,10.76,15.55,19.38,1.7,0.76,0.43,0.02,0,0.06,0.06,0.03
2020-03,17,15.64,15.19,13.45,17.42,18.44,1.66,0.79,0.33,0.01,0.05,0,0,0.01
2020-04,18.65,15.79,13,15.68,16.9,17.32,1.73,0.72,0.05,0.03,0.12,0,0,0.01
2020-05,27.88,24.51,14.36,18.4,6.59,4.81,2.23,1.05,0.04,0.04,0.07,0,0.01,0
2020-06,24.16,24.73,17.09,18.04,7.4,4.47,2.5,1.43,0.09,0.05,0.01,0.01,0.01,0
2020-07,23.49,21.51,20.24,17.14,8.9,4.37,2.76,1.36,0.12,0.08,0.01,0.01,0.01,0
2020-08,22.61,21.07,23.42,16.03,7.5,4.73,3.13,0.97,0.45,0.04,0.01,0.01,0.01,0.02
2020-09,25.96,18.79,22.58,14.88,7.44,5.6,2.92,1.13,0.62,0.06,0.01,0,0,0.01
2020-10,29.3,21.15,17.8,14.56,7.71,5.26,2.69,1.03,0.42,0.06,0.01,0,0.01,0
2020-11,29.59,18.26,15.33,14.37,9.44,7.87,3.21,1.23,0.49,0.07,0.01,0,0.01,0.12
2020-12,26.37,16.34,14.78,13.64,14.07,10.87,2.69,0.9,0.18,0.1,0.03,0,0.01,0.01
