"Date","Facebook","Pinterest","Twitter","Instagram","YouTube","Tumblr","reddit","LinkedIn","Other"
2019-12,78.92,6.17,8.17,5.69,0.72,0.23,0.07,0.01,0.02
2020-01,80.39,4.95,7.95,5.94,0.57,0.11,0.07,0.01,0.02
2020-02,68.96,7.51,12.64,9.68,0.94,0.15,0.08,0.02,0.02
2020-03,83.19,3.33,7.49,5.36,0.5,0.07,0.04,0.01,0.01
2020-04,89.24,2.29,4.69,3.29,0.36,0.09,0.03,0.01,0
2020-05,68.97,22.87,3.49,0.6,3.07,0.68,0.22,0.07,0.02
2020-06,59.4,29.56,4.78,0.66,4.27,0.94,0.29,0.09,0.01
2020-07,62.81,25.82,5.29,0.68,4.24,0.78,0.26,0.08,0.04
2020-08,68.03,23.03,4.94,0.65,2.37,0.64,0.24,0.08,0.02
2020-09,60.03,28.21,5.09,1.57,3.76,0.96,0.23,0.1,0.04
2020-10,59.3,29.12,5.54,1.19,3.79,0.68,0.26,0.11,0.02
2020-11,60.39,25,8.4,1.34,3.79,0.67,0.25,0.14,0.02
2020-12,69.76,20.14,5.36,1.22,2.89,0.34,0.18,0.08,0.02
