"Date","Facebook","Twitter","Pinterest","Instagram","YouTube","LinkedIn","Tumblr","reddit","news.ycombinator.com","VKontakte","Other"
2019-12,50.34,20.41,18.17,6.9,3.79,0.17,0.13,0.06,0.02,0.01,0.01
2020-01,63.15,12.74,15.13,6.28,2.49,0.08,0.03,0.06,0.03,0.02,0
2020-02,55.13,14.04,18.63,8.52,3.39,0.15,0.05,0.03,0.03,0.01,0.02
2020-03,75.1,10.88,7.12,4.96,1.74,0.04,0.03,0.05,0.01,0.04,0.02
2020-04,80.25,9.94,4.55,3.91,1.21,0.04,0.03,0.05,0,0.02,0
2020-05,88.87,5.07,3.83,0.53,1.52,0.06,0.04,0.06,0.02,0,0.01
2020-06,79.32,13.28,5.55,0.49,1.13,0.08,0.08,0.04,0.01,0,0
2020-07,65.07,14.84,13.65,1.66,4.33,0.12,0.11,0.16,0.04,0,0.03
2020-08,62.66,15.35,10.64,7,3.67,0.17,0.29,0.1,0.02,0.06,0.03
2020-09,58.5,13.04,15.14,8.33,4.48,0.18,0.18,0.07,0.03,0.04,0.01
2020-10,56.48,14.55,12.94,11.68,3.88,0.2,0.07,0.12,0.05,0.01,0.02
2020-11,47.83,23.82,14.01,9.63,4.04,0.28,0.09,0.24,0.02,0.03,0.03
2020-12,50.91,30.56,12.59,1.5,3.76,0.28,0.14,0.15,0.06,0.03,0.02
