"Date","Facebook","Pinterest","YouTube","Twitter","Instagram","LinkedIn","Tumblr","reddit","VKontakte","news.ycombinator.com","Other"
2019-12,57.34,17.15,8.97,12.7,3.08,0.41,0.16,0.05,0.14,0,0
2020-01,56.94,15.79,9.29,13.74,3.69,0.12,0.27,0.07,0.06,0.02,0.02
2020-02,60.76,15.4,8.87,9.56,4.84,0.14,0.28,0.06,0.07,0.02,0
2020-03,58.39,14.96,10.66,9.6,5.86,0.2,0.17,0.05,0.08,0.01,0.01
2020-04,52.89,13.92,13.06,12.69,6.64,0.18,0.22,0.27,0.11,0,0.01
2020-05,53.99,19.11,17.73,7.04,1.23,0.22,0.27,0.29,0.09,0.02,0
2020-06,57.44,15.02,16.32,9.34,0.86,0.22,0.44,0.31,0.03,0,0.03
2020-07,23.19,30.91,33.33,10.2,0.45,0.54,0.41,0.76,0.2,0.02,0
2020-08,57.8,15.02,18.06,7.62,0.57,0.24,0.16,0.33,0.17,0,0.03
2020-09,56.69,15.19,18.5,7.86,0.84,0.24,0.21,0.22,0.22,0.02,0.01
2020-10,66.11,12.77,13.83,5.71,0.69,0.45,0.08,0.23,0.12,0.01,0.01
2020-11,59.71,13.64,15.34,9.49,0.83,0.41,0.17,0.22,0.15,0.02,0.01
2020-12,56.51,17.72,15.35,6.69,2.92,0.26,0.12,0.35,0.04,0.03,0.01
