"Date","Facebook","Instagram","Pinterest","Twitter","YouTube","Tumblr","reddit","LinkedIn","VKontakte","Other"
2019-12,25.24,37.13,15.27,17.5,4.38,0.18,0.13,0.15,0.02,0.01
2020-01,29.84,33.71,15.2,16.45,4.29,0.17,0.13,0.2,0,0
2020-02,34.98,31.91,12.95,15.63,4.13,0.14,0.1,0.14,0.02,0.01
2020-03,37.41,30.8,8.9,18.01,4.56,0.11,0.12,0.07,0.01,0.01
2020-04,34.62,28.6,10.07,19.45,6.85,0.16,0.14,0.08,0.03,0.01
2020-05,46.93,4.91,21,4.12,22.23,0.45,0.18,0.1,0.07,0.01
2020-06,42.47,2.65,21.49,8.71,24.06,0.38,0.15,0.08,0.01,0
2020-07,41.99,4.43,21.38,4.7,26.75,0.48,0.16,0.1,0.01,0.01
2020-08,53.89,6.31,23.42,4.93,10.8,0.39,0.13,0.12,0,0
2020-09,46.41,8.21,25.82,5.67,13.19,0.4,0.17,0.12,0.01,0.01
2020-10,43.53,5.98,26.63,5.81,17.46,0.3,0.19,0.09,0.02,0.01
2020-11,38.21,11.3,21.95,9.74,18.02,0.34,0.23,0.2,0.01,0.01
2020-12,39.37,5.81,28.4,9.77,15.91,0.36,0.2,0.14,0.02,0.01
