"Date","Facebook","Pinterest","Instagram","Twitter","YouTube","Tumblr","reddit","LinkedIn","Other"
2019-12,65.97,12.52,10.04,8.73,2.5,0.19,0.02,0.03,0
2020-01,68.72,12.09,8.5,8.3,2.01,0.13,0.09,0.1,0.05
2020-02,62.28,12.86,11.39,11.08,2.18,0.08,0.07,0.03,0.02
2020-03,61.42,9.2,15.58,11.33,2.22,0.1,0.1,0.04,0
2020-04,48.2,11.68,22.38,14.62,2.72,0.14,0.23,0.02,0.03
2020-05,70.76,21.38,1.39,2.11,3.73,0.43,0.17,0.03,0.01
2020-06,76.2,18.64,0.39,1.36,2.52,0.68,0.14,0.05,0.02
2020-07,80.27,13.93,2.57,1.03,1.8,0.27,0.12,0.02,0
2020-08,78.44,14.2,3.69,1.2,2.04,0.31,0.1,0.02,0
2020-09,85.43,9.48,1.75,1.35,1.64,0.27,0.05,0.05,0
2020-10,75.77,16.46,3.82,1.76,1.88,0.17,0.1,0.03,0
2020-11,77.41,13.99,1.41,4.28,2.21,0.43,0.2,0.05,0.03
2020-12,81.1,12.45,0.75,2.99,2.24,0.25,0.08,0.11,0.03
