"Date","Facebook","Pinterest","Twitter","Instagram","YouTube","LinkedIn","reddit","Tumblr","news.ycombinator.com","VKontakte"
2019-12,60.11,17.34,14.68,4.96,1.81,0.42,0.17,0.5,0,0
2020-01,56.48,17.5,15.43,8.66,0.84,0.27,0.29,0.49,0.04,0
2020-02,60.1,15.23,14.05,8.15,1.08,0.8,0.25,0.28,0,0.07
2020-03,61.74,11.81,15.14,9.05,1.4,0.36,0.19,0.25,0.02,0.02
2020-04,45.58,26.11,15.27,9.67,2.28,0.25,0.48,0.29,0.02,0.05
2020-05,65.1,20.25,10.41,0.7,2.18,0.33,0.6,0.39,0.04,0
2020-06,50.3,34.38,11.58,0.72,1.34,0.54,0.53,0.49,0.05,0.07
2020-07,63.87,17.37,15.26,0.52,1.46,0.63,0.5,0.31,0.08,0
2020-08,67.89,15.28,12.66,1.54,1,0.63,0.51,0.39,0,0.1
2020-09,58.14,18.8,16.83,1.84,1.84,0.95,0.38,1.16,0.05,0
2020-10,57.4,21.99,16.96,1.04,1.37,0.41,0.19,0.6,0.03,0
2020-11,46.99,28.62,20.03,1.05,1.22,1.32,0.32,0.37,0.07,0
2020-12,58.35,17.14,18.21,1.33,1.79,0.49,2.45,0.23,0,0
