"Date","Facebook","Pinterest","Twitter","Instagram","YouTube","Tumblr","reddit","LinkedIn","news.ycombinator.com","VKontakte","Other"
2019-12,63.27,12.16,11.76,8.61,2.32,1.06,0.51,0.12,0.08,0.11,0.01
2020-01,56.16,13.98,14.57,10.8,2.28,1.19,0.65,0.15,0.08,0.1,0.04
2020-02,54.69,15.25,14.58,11.27,2.16,1.17,0.56,0.14,0.05,0.12,0.01
2020-03,57.88,12.95,14.89,10.77,2.09,0.7,0.49,0.13,0.04,0.04,0.01
2020-04,57.94,13.82,13.94,10.07,2.46,0.77,0.71,0.15,0.07,0.06,0.01
2020-05,67.59,20.79,4.05,2.24,2.6,1.13,1.22,0.19,0.09,0.1,0.01
2020-06,67.38,18.98,6.29,1.97,2.58,1.22,1.23,0.21,0.08,0.06,0
2020-07,65.7,20.03,7.07,2,2.69,1.02,1.08,0.2,0.16,0.04,0.01
2020-08,65.17,21.86,6.52,1.75,2.41,0.93,1.02,0.18,0.09,0.06,0.01
2020-09,65.02,21.29,6.63,2.07,2.64,0.98,1.02,0.18,0.13,0.03,0.01
2020-10,63.04,22.71,7.93,1.69,2.37,0.85,1.06,0.18,0.14,0.03,0.01
2020-11,58.99,24.9,9.31,2.76,2.04,0.69,0.92,0.21,0.13,0.03,0.01
2020-12,59.53,26.52,7.18,3.05,1.92,0.58,0.78,0.2,0.19,0.03,0.02
