"Date","Facebook","Twitter","Pinterest","Instagram","YouTube","Tumblr","reddit","LinkedIn","news.ycombinator.com","VKontakte","Fark","Other"
2019-12,49.52,18.41,14.66,12.43,2.54,1.35,0.77,0.23,0.06,0.03,0.01,0.01
2020-01,45.81,20.11,14.67,14.57,2.4,1.32,0.78,0.24,0.05,0.03,0.01,0.01
2020-02,47.01,19.87,12.67,16.33,2.1,1.05,0.71,0.19,0.02,0.03,0.01,0.01
2020-03,44.11,21.16,12,18.71,2.27,0.9,0.63,0.16,0.02,0.03,0.02,0
2020-04,44.24,20.41,13.78,16.58,2.89,0.98,0.86,0.19,0.03,0.02,0,0
2020-05,65.66,10.31,17.18,0.93,2.67,1.47,1.34,0.31,0.05,0.05,0.02,0
2020-06,66.45,10.78,16.48,0.81,2.48,1.52,1.2,0.2,0.03,0.04,0.01,0
2020-07,66.94,11.81,15.16,0.92,2.48,1.26,1.08,0.22,0.08,0.03,0.01,0
2020-08,67.49,11.04,15.46,1.1,2.4,1.19,0.98,0.23,0.04,0.05,0.01,0
2020-09,68.01,11.15,14.4,1.13,2.69,1.32,0.99,0.21,0.08,0.01,0.01,0
2020-10,60.71,14.02,15.33,2.18,5.3,1.06,1.03,0.27,0.08,0.01,0.01,0
2020-11,56.01,18.22,17.81,1.73,3.32,1.28,1.1,0.42,0.07,0.02,0.02,0
2020-12,55.19,15.92,21.34,1.47,3.44,1.11,1.06,0.31,0.11,0.02,0.03,0
