"Date","Facebook","Pinterest","Instagram","Twitter","YouTube","Tumblr","reddit","Other"
2019-12,92.87,2.59,2.08,1.76,0.6,0.08,0.01,0
2020-01,96.11,1.37,1.29,0.92,0.23,0.07,0.02,0
2020-02,92.77,2.32,2.6,1.78,0.42,0.08,0.04,0
2020-03,94.73,1.36,2.17,1.31,0.34,0.07,0.02,0
2020-04,92.67,1.88,3.02,1.89,0.5,0.02,0.01,0
2020-05,97.87,1.43,0.13,0.2,0.32,0.03,0.01,0
2020-06,97.67,1.61,0.07,0.2,0.34,0.08,0.02,0.01
2020-07,97.12,2.11,0.09,0.18,0.43,0.04,0.01,0.01
2020-08,97.02,1.98,0.1,0.33,0.49,0.04,0.01,0.01
2020-09,97.23,1.89,0.14,0.29,0.33,0.05,0.04,0.02
2020-10,95.88,3,0.14,0.47,0.43,0.02,0.03,0.02
2020-11,57.9,27.13,1.48,7.8,4.84,0.29,0.39,0.17
2020-12,64.21,21.84,1.96,6.51,4.45,0.59,0.29,0.15
