"Date","Facebook","Instagram","Pinterest","YouTube","Twitter","Tumblr","reddit","LinkedIn","Other"
2019-12,80.67,8.39,5.17,2.61,2.96,0.14,0.02,0.03,0.01
2020-01,82.65,6.8,4.85,2.67,2.83,0.13,0.03,0.04,0.01
2020-02,79.35,8.89,5.27,2.67,3.6,0.13,0.03,0.04,0.01
2020-03,84.71,5.92,3.33,2.43,3.47,0.1,0.02,0.03,0
2020-04,82.16,5.91,4.1,3.89,3.73,0.14,0.03,0.02,0.01
2020-05,86.03,2.36,4.4,5.7,1.27,0.15,0.05,0.03,0.01
2020-06,87.53,1.28,4.06,5.74,1.18,0.12,0.04,0.03,0
2020-07,85.33,2.39,4.21,6.72,1.12,0.13,0.05,0.04,0.01
2020-08,87.46,3.35,4.21,3.61,1.14,0.14,0.05,0.03,0.01
2020-09,83.71,3.7,6,4.55,1.78,0.17,0.06,0.03,0.01
2020-10,82.93,3.06,5.34,6.79,1.61,0.15,0.08,0.03,0.01
2020-11,84.71,3.92,3.66,5.84,1.6,0.14,0.09,0.02,0.01
2020-12,83.66,4.93,3.88,4.81,2.45,0.15,0.08,0.02,0.01
