"Date","Facebook","Pinterest","Instagram","YouTube","Twitter","VKontakte","Tumblr","reddit","LinkedIn","Google+","Other"
2019-12,38.58,16.16,16.67,10.07,13.75,1.35,0.5,0.43,0.42,2.07,0
2020-01,38.81,16.62,19.84,8.95,13.26,0.79,0.39,0.55,0.21,0.58,0
2020-02,34.58,25.5,19.37,8.03,9.4,1.44,0.46,0.83,0.3,0.03,0.06
2020-03,35.86,15.79,22.87,11.02,12.81,1.02,0.23,0.26,0.14,0,0.01
2020-04,29.05,20.03,23.04,15.49,10.52,0.82,0.55,0.34,0.14,0,0
2020-05,39.27,29.68,5.57,18.75,4.63,0.96,0.51,0.42,0.2,0,0.01
2020-06,37.7,26.25,8.47,18.45,6.82,0.81,0.76,0.51,0.24,0,0
2020-07,38.36,26.64,10.68,17.94,4.07,1.06,0.53,0.39,0.31,0,0.01
2020-08,33.07,31.03,13.1,15.57,4.54,1.15,0.4,0.36,0.75,0.01,0.01
2020-09,37.19,27.29,10.48,16.92,3.53,1.16,2.59,0.4,0.44,0,0
2020-10,10.35,73.38,3.88,7.1,1.8,1.3,0.9,0.91,0.28,0,0.09
2020-11,23.26,26.73,24.4,19.23,4,1.02,0.5,0.56,0.23,0,0.05
2020-12,20.5,22.98,24.69,24.85,5.58,0.54,0.2,0.37,0.27,0,0.02
