"Date","Facebook","YouTube","Twitter","Pinterest","Instagram","LinkedIn","Tumblr","reddit","Other"
2019-12,56.68,17.85,12.82,5.59,6.79,0.09,0.11,0.06,0
2020-01,57.16,16.23,13.32,5.33,7.57,0.13,0.16,0.08,0.01
2020-02,61.3,11.67,13.02,6.28,7.4,0.12,0.16,0.06,0.01
2020-03,64.25,11.61,12.15,4.46,7.27,0.12,0.09,0.05,0
2020-04,58.8,17.56,12.51,4.18,6.69,0.1,0.1,0.06,0.01
2020-05,56.19,26.27,6.9,5.57,2.99,1.87,0.14,0.06,0
2020-06,55.66,19.85,9.13,6.65,3.24,5.14,0.24,0.09,0
2020-07,55.55,16.69,13.56,7.78,3.19,2.99,0.14,0.09,0
2020-08,62.09,16.3,7.8,7.68,3.49,2.36,0.11,0.12,0.04
2020-09,60.37,15.52,8.86,7.87,3.02,4.13,0.1,0.12,0.01
2020-10,50.8,18.21,15.36,7.53,3.19,4.74,0.09,0.08,0
2020-11,58.13,17.42,10.82,4.85,4.67,3.92,0.1,0.08,0.01
2020-12,51.18,18.52,13.06,6.23,4.51,6.32,0.08,0.1,0
