"Date","Facebook","Pinterest","Instagram","Twitter","YouTube","VKontakte","Tumblr","LinkedIn","reddit","Other"
2019-12,35.8,13.79,12.13,25.72,8,3.81,0.35,0.24,0.12,0.04
2020-01,33.31,14.72,17.19,25.64,8.17,0.27,0.37,0.22,0.1,0.01
2020-02,27.5,22.67,22.58,19.41,7.01,0.16,0.32,0.26,0.08,0.01
2020-03,32.22,16.89,21.61,21.36,7,0.16,0.3,0.27,0.17,0.03
2020-04,45.75,14.46,16.64,14.06,8.29,0.16,0.31,0.12,0.16,0.05
2020-05,56.37,18.23,4,9.5,10.99,0.11,0.4,0.15,0.21,0.03
2020-06,61.99,16.05,5.85,9.03,6.35,0.1,0.32,0.16,0.15,0.01
2020-07,68.61,12.94,7.65,5.7,4.55,0.06,0.22,0.15,0.11,0.01
2020-08,71.61,11.19,7.31,5.51,3.85,0.05,0.2,0.18,0.09,0.01
2020-09,63.78,11.81,10.71,7.63,5.42,0.05,0.24,0.2,0.15,0.01
2020-10,63.15,12.17,12.92,6.27,4.97,0.05,0.19,0.17,0.1,0.01
2020-11,60.95,11.58,18.07,4.75,4.23,0.05,0.15,0.12,0.1,0.01
2020-12,41.64,17.66,26.41,5.97,7.85,0.05,0.16,0.14,0.11,0.01
