"Date","Facebook","Pinterest","Twitter","Instagram","YouTube","Tumblr","reddit","LinkedIn","VKontakte","Other"
2019-12,43.23,30.22,12,9.75,4.4,0.19,0.08,0.1,0.02,0.01
2020-01,32.58,36.97,13.78,12.59,3.72,0.2,0.05,0.07,0.04,0.01
2020-02,37.71,33.12,13.5,12.32,2.92,0.19,0.1,0.08,0.05,0
2020-03,39.01,29.09,14.38,12.96,4.12,0.23,0.08,0.07,0.06,0
2020-04,36.64,28.47,14.11,11.99,8.14,0.37,0.06,0.12,0.1,0
2020-05,40.69,43.23,8.7,1.17,5.56,0.33,0.14,0.1,0.07,0.01
2020-06,47.18,36.59,8.67,0.95,5.46,0.77,0.15,0.08,0.13,0.01
2020-07,48.43,37.67,7.66,1,4.61,0.35,0.09,0.11,0.05,0.03
2020-08,40.27,34.56,17.17,1.59,5.43,0.6,0.14,0.1,0.12,0.01
2020-09,42.13,36.61,11.08,2.08,6.45,1.12,0.17,0.15,0.2,0.01
2020-10,45.43,35.16,11.44,1.45,5.34,0.66,0.28,0.13,0.08,0.03
2020-11,43.6,34.62,14.92,1.25,4.67,0.6,0.09,0.17,0.06,0.02
2020-12,49.64,32.44,11.14,1.43,4.68,0.28,0.12,0.23,0.03,0.02
