"Date","Facebook","Pinterest","Twitter","YouTube","Instagram","LinkedIn","Tumblr","VKontakte","reddit","Other"
2019-12,79.36,12.09,2.58,2.24,3.56,0.06,0,0.07,0.03,0.01
2020-01,77.06,14.73,3.15,1.75,3.25,0.05,0,0.01,0,0
2020-02,81.4,11.7,2.6,1.35,2.88,0.01,0,0.02,0.03,0.01
2020-03,88.37,5.95,2.35,0.91,2.36,0.01,0.04,0.01,0,0
2020-04,82.4,8.17,4.4,1.97,2.93,0.02,0.08,0.02,0.02,0
2020-05,84.91,8.95,2.2,3,0.81,0.02,0.01,0.04,0.06,0.01
2020-06,89.33,6.42,1.53,1.99,0.62,0.05,0.02,0.02,0.01,0.01
2020-07,89.52,7.02,1.04,1.73,0.65,0.02,0.01,0,0.01,0.01
2020-08,92.23,4.73,0.58,1.56,0.78,0.06,0.03,0.01,0.02,0
2020-09,89.96,6.79,0.86,1.89,0.42,0.03,0.01,0.02,0.01,0.01
2020-10,91.1,6.8,0.78,0.89,0.32,0.08,0.01,0.02,0.01,0
2020-11,92.55,4.22,1.77,0.89,0.51,0,0.02,0.01,0.01,0
2020-12,92.59,4.15,2.06,0.76,0.32,0.09,0.01,0,0.02,0
