"Date","Facebook","Pinterest","Twitter","Instagram","YouTube","reddit","Tumblr","news.ycombinator.com","LinkedIn","VKontakte","Other"
2019-12,71.76,9.4,10.48,5.5,1.12,0.56,0.97,0.08,0.08,0.05,0
2020-01,69.37,10.97,10.69,6.24,1.19,0.57,0.8,0.07,0.06,0.02,0.01
2020-02,68.24,11.01,10.43,6.86,1.37,0.58,1.34,0.03,0.08,0.06,0.01
2020-03,76.46,7.44,8.68,5.51,1.04,0.41,0.37,0.03,0.04,0.02,0
2020-04,63.33,12.56,12.13,8.54,1.85,0.82,0.55,0.1,0.05,0.06,0
2020-05,81.63,11.09,3.28,0.58,1.39,0.98,0.86,0.07,0.07,0.03,0
2020-06,79.39,12.47,4.52,0.58,1.28,0.93,0.7,0.05,0.06,0.01,0
2020-07,80.85,10.18,4.94,0.8,1.47,0.98,0.54,0.14,0.08,0.03,0
2020-08,69.61,20.7,5.42,0.87,1.54,1.01,0.66,0.08,0.12,0.01,0
2020-09,79.53,13.24,3.76,0.62,1.2,0.75,0.67,0.1,0.11,0.01,0
2020-10,76.65,12.8,5.94,0.88,1.54,1.2,0.75,0.12,0.09,0.01,0.01
2020-11,68.9,18.46,8.03,0.97,1.5,1,0.87,0.14,0.11,0.01,0
2020-12,67.95,18.65,8.42,1.24,1.71,1.04,0.61,0.21,0.14,0.02,0
