"Date","Facebook","Pinterest","Twitter","YouTube","Instagram","VKontakte","LinkedIn","reddit"
2019-12,85.05,8.12,3.69,1.17,1.9,0.04,0.04,0
2020-01,85.96,9.14,2.6,0.88,1.39,0,0,0.03
2020-02,82.06,10.79,3.78,1.26,1.84,0.13,0,0.13
2020-03,89.26,6.25,2.52,0.8,1.17,0,0,0
2020-04,88.53,6.08,2.3,1.43,1.56,0,0.09,0
2020-05,87.89,8.91,1.66,1.42,0,0,0.12,0
2020-06,90.53,5.73,1.55,1.99,0.1,0,0.05,0.05
2020-07,85.94,8.28,4.12,1.51,0.1,0.05,0,0
2020-08,92.43,5.65,0.98,0.81,0.09,0,0,0.04
2020-09,89.39,8.47,1.09,1.05,0,0,0,0
2020-10,94.17,4.34,0.62,0.73,0.02,0.11,0,0
2020-11,89.75,6.16,3.28,0.7,0.04,0.04,0.04,0
2020-12,89.73,4.28,4.7,1.14,0.08,0,0.04,0.04
