"Date","Facebook","Pinterest","Instagram","Twitter","YouTube","Tumblr","reddit","LinkedIn","VKontakte","Other"
2019-12,58.21,7.35,13.47,10.24,10.1,0.38,0.12,0.05,0.02,0.07
2020-01,43.47,10.88,21.55,14.09,9.26,0.5,0.15,0.07,0.02,0.02
2020-02,46.89,12.36,21.4,12.57,6.14,0.44,0.12,0.05,0.02,0.01
2020-03,48.38,9.89,18,16.3,6.78,0.44,0.12,0.05,0.02,0.01
2020-04,50.74,9.31,14.32,16.63,7.82,0.55,0.57,0.04,0.02,0.01
2020-05,63.05,14.92,3.15,9.74,7.74,0.81,0.52,0.04,0.02,0.01
2020-06,60.78,20.4,2.75,6.85,7.68,0.85,0.59,0.05,0.02,0.01
2020-07,65.35,18.22,3.43,4.71,7.13,0.7,0.36,0.06,0.02,0.02
2020-08,64.68,19.06,3.64,4.32,7.17,0.72,0.26,0.11,0.02,0.01
2020-09,61.38,21.4,3.14,3.88,8.97,0.77,0.3,0.11,0.03,0.02
2020-10,60.58,22.08,4.34,3.92,7.84,0.74,0.34,0.1,0.04,0.02
2020-11,64.99,14.19,4.21,6.85,8.35,0.77,0.46,0.12,0.03,0.04
2020-12,61.17,14.81,3.83,11.86,7.18,0.61,0.38,0.09,0.02,0.03
