"Date","Facebook","Pinterest","Twitter","Instagram","YouTube","Tumblr","LinkedIn","reddit","VKontakte","news.ycombinator.com","Other"
2019-12,43.98,28.73,16.54,8.16,1.97,0.3,0.13,0.14,0.03,0.01,0
2020-01,42.87,27.74,17.95,8.87,1.93,0.27,0.16,0.15,0.04,0.01,0.01
2020-02,41.38,27.28,18.04,10.3,2.35,0.29,0.17,0.14,0.04,0.01,0
2020-03,41.88,24.01,19.12,11.39,2.9,0.3,0.22,0.11,0.05,0.01,0
2020-04,34.06,27.39,22.35,11.85,3.54,0.38,0.18,0.19,0.04,0.01,0
2020-05,41.44,42.86,9.44,1.94,3.05,0.61,0.25,0.33,0.04,0.02,0
2020-06,44.49,40.06,9.4,1.52,3.04,0.85,0.24,0.31,0.08,0.01,0
2020-07,48.89,35.92,9.65,1.25,3.19,0.53,0.24,0.27,0.04,0.03,0
2020-08,47.26,36.48,10.08,1.81,2.97,0.66,0.29,0.24,0.17,0.02,0
2020-09,56.91,27.91,9.33,1.75,2.76,0.82,0.23,0.2,0.05,0.03,0
2020-10,48.61,34.12,11.76,1.27,3.03,0.63,0.24,0.26,0.05,0.03,0
2020-11,38.94,37.6,17.84,1.1,3.1,0.78,0.27,0.28,0.05,0.03,0
2020-12,38.76,42.81,12.64,1.07,3.75,0.35,0.26,0.27,0.04,0.04,0.01
