"Date","Facebook","Twitter","Pinterest","YouTube","Instagram","LinkedIn","VKontakte","Tumblr","reddit","Other"
2019-12,76.92,9.23,4.86,4.56,3.85,0.19,0.04,0.21,0.14,0.01
2020-01,76.78,10.2,4.8,3.18,4.5,0.21,0.02,0.18,0.13,0.01
2020-02,77.07,9.71,5.12,2.78,4.78,0.2,0.03,0.2,0.09,0.01
2020-03,81.19,8.92,3.48,2.36,3.65,0.18,0.03,0.12,0.07,0
2020-04,81.81,8.02,3.65,3.08,3.01,0.18,0.02,0.13,0.09,0
2020-05,85.04,3.97,4.85,4.52,0.98,0.27,0.02,0.18,0.16,0.01
2020-06,82.71,5.65,5.48,4.05,0.98,0.56,0.02,0.38,0.17,0
2020-07,81.03,6.02,6.63,4.11,1.14,0.56,0.03,0.28,0.19,0.01
2020-08,79.29,5.05,6.47,3.57,1.07,0.46,3.72,0.21,0.16,0
2020-09,82.26,5.64,6.01,3.56,1.12,0.56,0.47,0.23,0.14,0.01
2020-10,75.76,9.56,7.54,4.63,1.25,0.76,0.05,0.26,0.18,0.01
2020-11,78.3,8.22,5.56,4.16,2.1,0.54,0.05,0.2,0.85,0.01
2020-12,77.2,8.62,6.67,4.58,1.7,0.81,0.03,0.18,0.2,0.01
