"Date","Facebook","Pinterest","Instagram","Twitter","YouTube","Tumblr","reddit","LinkedIn","VKontakte","Other"
2019-12,59.14,13.28,14.12,7.82,4.58,0.42,0.31,0.16,0.15,0.01
2020-01,58.16,12.07,17.34,7.56,3.93,0.38,0.27,0.11,0.16,0.02
2020-02,53.8,14.79,18.52,7.58,3.62,0.47,0.5,0.23,0.47,0.02
2020-03,62.67,9.94,14.96,8.35,3.6,0.17,0.19,0.06,0.05,0
2020-04,63.99,11.55,12.66,6.7,4.34,0.25,0.26,0.07,0.18,0
2020-05,65.54,20.61,2.87,3.47,5.81,0.62,0.68,0.13,0.25,0.01
2020-06,66.81,18.08,2.17,5.77,4.94,1.25,0.7,0.18,0.06,0.03
2020-07,84.29,7.74,1.1,3.28,2.84,0.29,0.32,0.12,0.02,0.01
2020-08,85.45,6.59,1.16,4.02,2.23,0.16,0.16,0.2,0.01,0.01
2020-09,92.05,4.08,0.72,1.47,1.31,0.09,0.11,0.16,0.01,0.01
2020-10,88.9,5.51,0.89,1.94,2.13,0.08,0.13,0.39,0.02,0.01
2020-11,93.99,2.62,0.53,1.34,1.25,0.06,0.09,0.11,0.01,0.01
2020-12,91.79,4.18,0.8,1.52,1.38,0.07,0.11,0.13,0.01,0.01
