"Date","Facebook","Pinterest","Instagram","Twitter","YouTube","Tumblr","reddit","LinkedIn","Other"
2019-12,41.09,20.39,19.19,15.96,2.83,0.36,0.14,0.04,0.01
2020-01,38.67,19.8,23.46,14.78,2.68,0.27,0.17,0.1,0.07
2020-02,34.78,19.91,26.13,16.23,2.39,0.31,0.13,0.09,0.03
2020-03,33.9,16.91,27.9,18.33,2.51,0.22,0.15,0.07,0.01
2020-04,24.21,14.39,42.28,16.14,2.54,0.25,0.13,0.06,0.01
2020-05,54.2,29.47,7.26,3.4,4.64,0.63,0.3,0.08,0.02
2020-06,59.63,28.4,3.4,3.46,3.85,0.88,0.28,0.09,0.01
2020-07,58.73,25.59,5.68,4.53,4.54,0.58,0.25,0.08,0.01
2020-08,54.75,30.62,4.16,4.98,4.25,0.84,0.29,0.1,0.01
2020-09,54.23,28.19,4.66,5.87,5.53,1.13,0.3,0.08,0
2020-10,59.33,26.8,3.2,5.07,4.47,0.71,0.28,0.13,0.02
2020-11,49.21,31.66,3.86,8.77,5.08,0.73,0.38,0.25,0.05
2020-12,46.85,36.72,3.45,7.32,4.35,0.59,0.42,0.24,0.07
