"Date","Facebook","Twitter","Pinterest","YouTube","Instagram","LinkedIn","VKontakte","reddit","Tumblr","Other"
2019-12,79.93,6.33,5.34,6.11,1.81,0.14,0.04,0.11,0.18,0.01
2020-01,77.92,8.75,4.78,3.56,4.33,0.21,0.05,0.2,0.19,0.02
2020-02,77.54,9.1,4.88,3.2,4.69,0.17,0.02,0.17,0.21,0.01
2020-03,79.99,8.7,3.61,3.04,4.26,0.12,0.01,0.13,0.13,0.01
2020-04,79.87,8.67,4.12,3.82,3.13,0.1,0.01,0.15,0.14,0
2020-05,84.82,3.68,4.86,5.01,1.03,0.21,0.01,0.17,0.19,0
2020-06,85.42,4.28,4.39,4.06,0.97,0.43,0.01,0.14,0.29,0
2020-07,84.85,4.58,4.89,3.78,1.09,0.42,0.01,0.17,0.21,0
2020-08,81.26,4.33,5.52,3.55,1.14,0.24,3.69,0.14,0.13,0
2020-09,81.78,4.89,6.37,4.22,1.33,0.62,0.46,0.14,0.19,0.01
2020-10,76.04,7.22,7.74,5.68,1.81,1.09,0.01,0.17,0.22,0.01
2020-11,76.4,7.17,5.17,5.1,4.06,0.93,0.01,0.97,0.19,0
2020-12,71.15,7.7,5.94,10.41,3.64,0.81,0.01,0.2,0.14,0.01
