"Date","Facebook","Pinterest","YouTube","Twitter","Instagram","Tumblr","reddit","LinkedIn","Other"
2019-12,72.58,14.26,5.48,5.14,2.47,0,0.07,0,0
2020-01,79.32,12.06,4.61,1.42,2.48,0.05,0.05,0,0
2020-02,77.12,14.15,2.66,3.63,2.09,0.31,0,0,0.05
2020-03,91.06,5.16,1.17,1.47,1.14,0,0,0,0
2020-04,84.24,6.65,3.91,2.84,2.25,0,0.05,0.05,0
2020-05,90.38,4.81,3.08,1.25,0.19,0.19,0,0.1,0
2020-06,84.76,9.05,3.14,2.77,0.09,0.18,0,0,0
2020-07,88.79,6.13,3.81,1.16,0.11,0,0,0,0
2020-08,90.57,7.95,1.29,0.09,0,0,0.09,0,0
2020-09,83.3,15.15,0.93,0.52,0,0,0,0.1,0
2020-10,93.44,5.02,0.91,0.61,0,0,0.03,0,0
2020-11,89.43,7.52,1.85,1.01,0.15,0.02,0,0.02,0
2020-12,91.92,5.62,1.19,1.19,0.05,0.02,0.02,0,0
