"Date","Facebook","Pinterest","Twitter","Instagram","YouTube","Tumblr","reddit","LinkedIn","news.ycombinator.com","VKontakte","Other"
2019-12,66.37,8.86,11.32,8.56,2.93,1.08,0.5,0.2,0.08,0.09,0
2020-01,67.57,8.8,10.79,8.91,2.18,0.94,0.49,0.19,0.06,0.06,0.01
2020-02,70.65,7.58,9.55,8.76,1.94,0.81,0.41,0.19,0.03,0.07,0
2020-03,79.17,4.67,7.55,6.32,1.43,0.4,0.29,0.1,0.03,0.03,0
2020-04,79.67,4.74,6.93,6.02,1.66,0.44,0.35,0.12,0.04,0.03,0
2020-05,84.65,7.05,2.7,2.46,1.86,0.51,0.55,0.13,0.05,0.02,0
2020-06,85.28,5.84,3.57,2.32,1.62,0.59,0.59,0.14,0.03,0.02,0
2020-07,82.51,6.98,4.73,2.78,1.66,0.52,0.55,0.14,0.08,0.03,0.01
2020-08,82.53,7.18,4.76,2.62,1.66,0.52,0.48,0.16,0.05,0.04,0
2020-09,81.53,6.52,4.81,3.73,1.97,0.61,0.55,0.16,0.07,0.03,0.01
2020-10,80.89,7.2,5.29,3.55,1.79,0.46,0.52,0.18,0.08,0.04,0
2020-11,75.61,9.06,7.27,4.68,1.92,0.58,0.56,0.21,0.08,0.03,0.01
2020-12,77.15,10.22,5.98,3.71,1.73,0.43,0.48,0.16,0.11,0.02,0.01
