"Date","Facebook","YouTube","Twitter","Pinterest","Instagram","Tumblr","VKontakte","reddit","LinkedIn","Other"
2019-12,20.94,22.22,42.75,7.8,5.91,0.17,0.1,0.07,0.03,0.01
2020-01,35.75,31.76,11.67,11.09,9.2,0.25,0.11,0.12,0.04,0.01
2020-02,34.77,30.06,12.74,11.44,10.41,0.26,0.11,0.14,0.04,0.03
2020-03,38.89,36.39,10.95,8.25,5.17,0.16,0.09,0.06,0.03,0
2020-04,49.73,29.29,7.84,7.29,5.48,0.2,0.07,0.07,0.03,0.01
2020-05,50.87,27.03,8.06,8.39,5.26,0.2,0.06,0.07,0.05,0
2020-06,33.35,44.82,6.06,10.03,5.27,0.27,0.05,0.08,0.06,0.01
2020-07,41.37,38.15,5.07,10.97,3.99,0.2,0.06,0.1,0.07,0.01
2020-08,40.45,35.42,5.52,13.25,4.83,0.22,0.1,0.1,0.11,0.01
2020-09,41.41,36.58,4.4,12.32,4.83,0.19,0.09,0.07,0.09,0.02
2020-10,37.84,35.21,8.23,12.08,6.28,0.14,0.09,0.06,0.07,0.01
2020-11,46.78,35.72,4.74,6.33,6.09,0.11,0.12,0.06,0.04,0.01
2020-12,53.63,28.98,5.18,5.5,6.44,0.09,0.06,0.06,0.04,0.01
