"Date","Facebook","Twitter","Pinterest","YouTube","Instagram","Tumblr","reddit","LinkedIn","VKontakte","Google+","Other"
2019-12,17.61,71.06,5.25,3.5,1.59,0.38,0.18,0.1,0.06,0.24,0.02
2020-01,20.77,67.49,4.86,3.9,2.17,0.41,0.21,0.09,0.06,0.01,0.03
2020-02,32.19,52.06,5.97,6.16,2.6,0.49,0.27,0.16,0.08,0,0.03
2020-03,37.1,46.83,5.22,8.19,2.07,0.32,0.14,0.05,0.05,0,0.03
2020-04,33.01,49.79,5.86,7.84,2.72,0.43,0.22,0.05,0.06,0,0.02
2020-05,30.22,55.12,7.53,5.26,1.06,0.45,0.27,0.03,0.06,0,0.01
2020-06,38.1,50.98,5.42,4.19,0.6,0.41,0.21,0.03,0.03,0,0.02
2020-07,36.96,52.2,4.6,4.77,0.78,0.41,0.18,0.03,0.05,0,0.02
2020-08,75.9,19.93,1.8,1.62,0.39,0.17,0.07,0.1,0.01,0,0
2020-09,74.26,20.55,2.35,2.03,0.44,0.17,0.09,0.09,0.01,0,0.01
2020-10,44.09,45.32,4.68,4.52,0.7,0.29,0.25,0.09,0.05,0,0.02
2020-11,78.91,17.25,1.6,1.65,0.29,0.11,0.13,0.04,0.01,0,0.01
2020-12,79.9,15.88,1.56,1.96,0.39,0.11,0.12,0.06,0.01,0,0.02
