"Date","Facebook","Pinterest","Twitter","Instagram","YouTube","reddit","Tumblr","VKontakte","LinkedIn","Other"
2019-12,68.64,9.2,9.28,6.22,4.34,1.7,0.54,0.03,0.05,0.01
2020-01,56.73,10.92,16.77,9.7,4.24,0.83,0.7,0.04,0.06,0
2020-02,68.84,7.34,11.79,8.12,3.06,0.23,0.55,0.03,0.03,0
2020-03,53.26,8.94,19.98,11.2,5.45,0.32,0.75,0.06,0.04,0
2020-04,52.17,11.13,16.72,11.22,7.23,0.6,0.74,0.04,0.14,0
2020-05,57.1,16.77,12.37,4.43,6.68,1.17,1.25,0.05,0.17,0.01
2020-06,59.27,19.53,6.09,4.95,6.31,1.37,2.29,0.05,0.14,0
2020-07,57.21,19.23,6.48,4.16,8.11,2.63,1.94,0.1,0.12,0.01
2020-08,43.21,31.78,6.38,4.55,7.25,1.83,1.7,3.23,0.07,0.01
2020-09,51.69,18.9,6.21,7.38,9.34,4.14,1.91,0.27,0.17,0
2020-10,50.26,21.93,8.05,5.15,10.37,2.1,1.85,0.07,0.22,0.01
2020-11,41.65,25.8,11.21,7.22,10.63,1.92,1.32,0.04,0.21,0
2020-12,31.42,47.14,5.83,3.44,9.92,1.19,0.85,0.03,0.16,0.02
