"Date","Facebook","YouTube","Twitter","Pinterest","VKontakte","Instagram","reddit","LinkedIn","Tumblr","Google+","Other"
2019-12,56.45,23.9,15.82,1.75,1.58,0.38,0.04,0.03,0.03,0,0
2020-01,51.12,27.16,17.24,1.94,1.34,0.61,0.26,0.16,0.05,0.09,0.02
2020-02,46.2,29.15,19.33,2.45,1.6,0.73,0.18,0.18,0.11,0.05,0.02
2020-03,31.8,44.72,18.54,2.32,1.4,0.83,0.16,0.18,0.03,0,0.03
2020-04,24.76,50.38,21.13,1.92,0.94,0.64,0.1,0.08,0.03,0,0.04
2020-05,39.21,38.33,16.83,2.73,1,0.41,1.28,0.13,0.06,0,0.01
2020-06,61.28,16.32,15.33,4.77,0.8,0.68,0.64,0.12,0.06,0,0
2020-07,64.13,16.14,14.36,3.94,1.22,0.08,0.03,0.06,0.03,0,0.01
2020-08,56.41,22.25,15.55,4.18,1.36,0.12,0.04,0.04,0.05,0,0
2020-09,58.53,15.04,18.36,6.55,1.23,0.13,0.08,0.03,0.04,0,0.01
2020-10,55.5,13.49,20.28,8.84,1.53,0.23,0.04,0.09,0.01,0,0
2020-11,72.81,8.48,14.15,3.07,1.06,0.25,0.08,0.08,0.03,0,0
2020-12,69.62,16.11,9.49,2.51,0.88,1.15,0.06,0.11,0.04,0,0.03
