"Date","Facebook","Pinterest","Twitter","Instagram","YouTube","Tumblr","reddit","LinkedIn","news.ycombinator.com","VKontakte","Other"
2019-12,63.96,13.5,10.3,7.26,2.92,1.12,0.52,0.31,0.07,0.04,0.01
2020-01,64.47,13.26,10.83,7.18,2.32,1.04,0.52,0.27,0.05,0.05,0.02
2020-02,62.14,14.02,10.7,9,2.36,0.95,0.45,0.25,0.03,0.08,0.01
2020-03,64.51,12,11.93,7.98,2.23,0.63,0.38,0.27,0.03,0.02,0.01
2020-04,64.59,12.36,10.87,7.96,2.43,0.76,0.66,0.27,0.04,0.05,0.01
2020-05,74.91,13.98,2.66,2.58,3.46,0.9,1.07,0.3,0.06,0.06,0.01
2020-06,70.98,17.6,4.54,1.24,2.7,1.21,1.15,0.38,0.06,0.13,0.01
2020-07,64.79,22.83,5.57,0.95,2.79,1.12,1.14,0.52,0.14,0.15,0.01
2020-08,70.6,17.8,5.08,0.89,2.62,1.04,1.08,0.73,0.09,0.06,0.01
2020-09,67.92,19.06,5.52,1.24,3.07,1.23,1.13,0.63,0.14,0.05,0.01
2020-10,65.77,20.91,6.41,1.79,2.59,0.84,1.1,0.43,0.1,0.05,0.01
2020-11,60.81,23.82,7.83,1.98,2.71,0.88,1.27,0.5,0.12,0.05,0.01
2020-12,60.79,25.79,6.43,1.92,2.5,0.76,1.05,0.52,0.16,0.05,0.02
