"Date","Facebook","Pinterest","Twitter","Instagram","YouTube","Tumblr","reddit","LinkedIn","VKontakte","Other"
2019-12,67.2,14.75,8.9,6.09,1.96,0.58,0.21,0.21,0.07,0.04
2020-01,74.33,10.55,6.53,5.76,1.15,1.02,0.33,0.21,0.04,0.09
2020-02,79.41,8.25,5.26,4.65,0.93,0.88,0.22,0.29,0.1,0
2020-03,83.63,6.15,4.85,4.08,0.72,0.29,0.14,0.12,0.02,0
2020-04,86.45,6.35,3.32,2.61,0.75,0.21,0.19,0.06,0.05,0
2020-05,91.35,6.01,0.86,0.27,0.78,0.3,0.25,0.09,0.08,0.01
2020-06,88.13,8.15,1.67,0.35,0.84,0.44,0.25,0.13,0.03,0
2020-07,89.55,6.29,2.05,0.4,1,0.3,0.22,0.17,0.02,0.02
2020-08,95.98,2.54,0.76,0.11,0.32,0.15,0.09,0.04,0.01,0
2020-09,81.24,12.25,3.12,0.42,1.79,0.56,0.34,0.26,0.01,0.02
2020-10,76.13,15.68,3.8,0.69,2.14,0.91,0.35,0.25,0.04,0.02
2020-11,78.73,12.75,4.88,0.67,1.72,0.31,0.56,0.3,0.06,0.03
2020-12,81.81,12.36,3.43,0.48,1.11,0.26,0.28,0.22,0.03,0.02
