"Date","Facebook","Twitter","Pinterest","Instagram","YouTube","Tumblr","reddit","VKontakte","LinkedIn","Other"
2019-12,74.82,9.3,6.16,5.59,3.52,0.3,0.11,0.11,0.08,0
2020-01,74.59,10.61,5.71,5.75,2.73,0.29,0.13,0.11,0.06,0.01
2020-02,82,9.9,2.67,3.81,1.34,0.15,0.05,0.05,0.03,0
2020-03,77.51,10.65,3.63,4.82,3.01,0.2,0.08,0.05,0.04,0
2020-04,80.79,7.45,3.9,4.21,3.23,0.21,0.12,0.04,0.04,0
2020-05,80.2,6.63,6,3.16,3.32,0.29,0.26,0.05,0.06,0.01
2020-06,84.2,3.82,6.09,2.24,2.83,0.42,0.29,0.05,0.06,0
2020-07,84.32,3.31,6.28,2.29,3,0.35,0.28,0.08,0.08,0.01
2020-08,84.62,2.78,5.73,2.39,2.62,0.24,0.2,1.29,0.11,0.01
2020-09,89.24,2,4.32,1.6,2.13,0.2,0.18,0.27,0.07,0.01
2020-10,84.47,3.47,6.55,1.99,2.92,0.21,0.22,0.09,0.07,0.01
2020-11,80.27,4.51,8.62,1.88,3.88,0.3,0.31,0.13,0.08,0.01
2020-12,86.06,2.33,5.84,1.22,4.13,0.15,0.17,0.03,0.05,0
