"Date","Facebook","Twitter","Pinterest","YouTube","Instagram","Tumblr","reddit","LinkedIn","VKontakte","news.ycombinator.com","Other"
2019-12,52.73,29.17,10.77,3.82,2.52,0.46,0.16,0.26,0.07,0.04,0.01
2020-01,47.74,34.7,9.49,3.91,3.22,0.42,0.18,0.23,0.05,0.04,0.02
2020-02,48.48,33.32,8.64,4.68,3.98,0.41,0.18,0.23,0.06,0.01,0.01
2020-03,48.47,30.59,11.18,4.97,3.83,0.43,0.2,0.26,0.04,0.02,0.01
2020-04,44.36,28.23,15.33,5.8,5,0.45,0.33,0.41,0.05,0.03,0
2020-05,58.81,12.94,17.7,5.69,2.72,0.67,0.78,0.57,0.05,0.04,0.01
2020-06,59.7,14.49,17.22,5.06,1.38,0.7,0.72,0.62,0.03,0.05,0.02
2020-07,57.89,14.99,17.41,6.26,1.25,0.62,0.85,0.62,0.04,0.07,0.01
2020-08,54.16,14.11,21.19,7.21,1.28,0.6,0.7,0.67,0.04,0.03,0.01
2020-09,57.05,14.17,18.72,6.24,1.52,0.6,0.73,0.84,0.04,0.07,0.02
2020-10,54.93,17.2,18.18,5.99,1.68,0.51,0.7,0.66,0.07,0.06,0.02
2020-11,50.37,24.57,15.32,5.61,2.01,0.49,0.79,0.69,0.06,0.06,0.03
2020-12,51.66,17.74,18.69,7.42,2.35,0.47,0.85,0.68,0.02,0.08,0.03
