"Date","Facebook","Pinterest","Twitter","Instagram","YouTube","Tumblr","reddit","LinkedIn","VKontakte","Other"
2019-12,68.24,12.41,10.36,6.79,1.94,0.14,0.08,0.04,0,0.01
2020-01,78.91,8.39,6.89,4.73,0.89,0.06,0.08,0.05,0.01,0
2020-02,86.42,5.47,4.08,3.31,0.58,0.05,0.05,0.03,0.01,0.01
2020-03,79.29,6.98,6.08,6.23,1.25,0.06,0.08,0.02,0,0.01
2020-04,69.07,10.86,8.59,9.38,1.84,0.13,0.08,0.04,0.02,0
2020-05,84.52,11.52,1.86,0.53,1.26,0.17,0.05,0.06,0.02,0
2020-06,90.17,7.05,1,0.37,1.11,0.21,0.05,0.03,0,0
2020-07,89.71,7.08,1.17,0.47,1.38,0.11,0.03,0.06,0,0
2020-08,88.89,8.26,1.05,0.41,1.17,0.12,0.05,0.06,0,0
2020-09,83.18,12.57,1.42,0.66,1.54,0.37,0.1,0.15,0,0
2020-10,85.88,9.84,2.14,0.36,1.47,0.14,0.13,0.03,0.01,0
2020-11,85.35,9.22,2.89,0.49,1.07,0.18,0.14,0.18,0.46,0.01
2020-12,77.1,15.73,3.9,1.16,1.42,0.15,0.23,0.17,0.1,0.03
