"Date","Facebook","YouTube","Pinterest","Instagram","Twitter","Tumblr","reddit","LinkedIn","VKontakte","Other"
2019-12,54.83,8.3,13.55,12.5,10.63,0.07,0.06,0.04,0.02,0
2020-01,52.78,7.51,14.01,14.77,10.74,0.08,0.05,0.03,0.02,0
2020-02,51.17,8.01,12.36,16.67,11.58,0.09,0.06,0.06,0.02,0
2020-03,55.52,9.39,8.24,13.98,12.7,0.06,0.03,0.04,0.02,0
2020-04,49.8,14.36,8.63,13.31,13.66,0.1,0.06,0.04,0.03,0
2020-05,49.82,33.15,13.06,1.14,2.53,0.17,0.07,0.04,0.02,0
2020-06,48.92,32.89,13.76,0.68,3.48,0.14,0.07,0.03,0.01,0
2020-07,51.3,33.48,11.71,0.97,2.31,0.13,0.06,0.04,0,0.01
2020-08,72.12,11.6,10.67,1.68,3.69,0.12,0.06,0.05,0.01,0
2020-09,59.77,17.54,16.03,3.01,3.33,0.15,0.08,0.07,0.01,0.01
2020-10,55.56,25.26,14.03,1.51,3.33,0.12,0.11,0.05,0.02,0.01
2020-11,55.12,25.52,13.06,2.06,3.91,0.11,0.17,0.05,0.01,0.01
2020-12,60.04,19.88,13.34,2.14,4.31,0.09,0.12,0.06,0.01,0.01
